MAEFILE: Type-I-Z-sulfonyl-bind-3-chkp-unrestrained.1-SPE2.mae
&gen
epsout=2.38
radprb=2.76
solvent=other
isolv=2
basis=6-31G**
gdftgrad=-13
gdftmed=-13
gdftfine=-13
dftname=M06-2X
iacc=1
&
entry_name: Type-I-Z-sulfonyl-bind-3-chkp-unrestrained.1
&zmat
C1     -2.7097000000000   2.3147000000000  -0.2928000000000
C2     -5.2166000000000   1.4092000000000   0.6593000000000
C3     -4.1252000000000   0.4368000000000   0.4348000000000
C4     -2.9032000000000   0.8734000000000   0.0604000000000
H5     -6.1889000000000   1.0652000000000   0.9849000000000
C6      0.8982000000000   3.9484000000000  -1.9664000000000
C7      0.9384000000000   3.2882000000000  -0.7993000000000
C8     -0.2743000000000   2.5566000000000  -0.3343000000000
C9     -1.4512000000000   2.7399000000000  -0.9626000000000
H10     1.7578000000000   4.4943000000000  -2.3247000000000
C11    -3.6938000000000   3.2041000000000  -0.0132000000000
C12    -5.0071000000000   2.7174000000000   0.4778000000000
C13    -6.0839000000000   3.6984000000000   0.7199000000000
C14    -5.8655000000000   5.0028000000000   0.5241000000000
C15    -4.5509000000000   5.5039000000000   0.0713000000000
C16    -3.5322000000000   4.6729000000000  -0.1783000000000
H17    -7.0589000000000   3.3678000000000   1.0580000000000
H18    -6.6635000000000   5.7109000000000   0.7071000000000
H19    -4.4107000000000   6.5703000000000  -0.0514000000000
H20    -2.5844000000000   5.0990000000000  -0.4800000000000
C21    -0.3369000000000   3.9696000000000  -2.7757000000000
C22    -1.4687000000000   3.4040000000000  -2.2993000000000
C23    -2.6905000000000   3.4031000000000  -3.1483000000000
C24    -2.6776000000000   3.9889000000000  -4.3511000000000
C25    -1.4474000000000   4.6336000000000  -4.8491000000000
C26    -0.3362000000000   4.6233000000000  -4.1048000000000
H27    -3.5966000000000   2.9176000000000  -2.8104000000000
H28    -3.5681000000000   3.9844000000000  -4.9663000000000
H29    -1.4455000000000   5.1092000000000  -5.8214000000000
H30     0.5648000000000   5.0926000000000  -4.4799000000000
Si31   -4.4672000000000  -1.3809000000000   0.7049000000000
Si32    2.4404000000000   3.4304000000000   0.3097000000000
C33    -3.6882000000000  -3.7643000000000  -3.2655000000000
C34    -4.0461000000000  -4.4144000000000  -2.1525000000000
C35    -4.3105000000000  -3.6623000000000  -0.9084000000000
C36    -4.1643000000000  -2.3263000000000  -0.8776000000000
C37    -3.8165000000000  -1.6091000000000  -2.1295000000000
C38    -3.5806000000000  -2.2922000000000  -3.2563000000000
H39    -3.4909000000000  -4.3135000000000  -4.1769000000000
H40    -4.1383000000000  -5.4927000000000  -2.1590000000000
H41    -4.6167000000000  -4.2068000000000  -0.0238000000000
H42    -3.7695000000000  -0.5300000000000  -2.1512000000000
H43    -3.3243000000000  -1.7660000000000  -4.1668000000000
C44    -1.7761000000000  -2.8549000000000   4.2534000000000
C45    -2.4289000000000  -1.6915000000000   4.3387000000000
C46    -3.2448000000000  -1.2166000000000   3.2028000000000
C47    -3.3418000000000  -1.9494000000000   2.0796000000000
C48    -2.5554000000000  -3.2040000000000   1.9675000000000
C49    -1.8328000000000  -3.6415000000000   3.0057000000000
H50    -1.1869000000000  -3.2105000000000   5.0885000000000
H51    -2.3728000000000  -1.1022000000000   5.2446000000000
H52    -3.7631000000000  -0.2717000000000   3.2983000000000
H53    -2.5441000000000  -3.7744000000000   1.0525000000000
H54    -1.2633000000000  -4.5584000000000   2.9233000000000
C55    -8.9356000000000  -2.0002000000000   2.0165000000000
C56    -8.5389000000000  -2.3823000000000   0.7978000000000
C57    -7.1345000000000  -2.1895000000000   0.3806000000000
C58    -6.2431000000000  -1.6383000000000   1.2242000000000
C59    -6.6961000000000  -1.2074000000000   2.5711000000000
C60    -7.9698000000000  -1.3808000000000   2.9445000000000
H61    -9.9643000000000  -2.1395000000000   2.3228000000000
H62    -9.2463000000000  -2.8320000000000   0.1131000000000
H63    -6.8519000000000  -2.4892000000000  -0.6188000000000
H64    -6.0097000000000  -0.7384000000000   3.2591000000000
H65    -8.2965000000000  -1.0619000000000   3.9259000000000
C66     5.6344000000000   0.1539000000000  -0.6842000000000
C67     4.5249000000000   0.2476000000000  -1.4259000000000
C68     3.4931000000000   1.2516000000000  -1.0940000000000
C69     3.6685000000000   2.0824000000000  -0.0538000000000
C70     4.9164000000000   1.9965000000000   0.7435000000000
C71     5.8400000000000   1.0721000000000   0.4533000000000
H72     6.3849000000000  -0.5894000000000  -0.9199000000000
H73     4.3793000000000  -0.4144000000000  -2.2695000000000
H74     2.6156000000000   1.3206000000000  -1.7208000000000
H75     5.0863000000000   2.6818000000000   1.5644000000000
H76     6.7443000000000   1.0029000000000   1.0439000000000
C77     0.7256000000000   3.2687000000000   4.6684000000000
C78     1.7208000000000   2.4448000000000   4.3208000000000
C79     2.2895000000000   2.5041000000000   2.9585000000000
C80     1.8173000000000   3.3868000000000   2.0648000000000
C81     0.7143000000000   4.2987000000000   2.4573000000000
C82     0.1973000000000   4.2409000000000   3.6905000000000
H83     0.3050000000000   3.2237000000000   5.6646000000000
H84     2.1073000000000   1.7282000000000   5.0338000000000
H85     3.0784000000000   1.8195000000000   2.6991000000000
H86     0.3150000000000   5.0078000000000   1.7427000000000
H87    -0.6109000000000   4.9032000000000   3.9724000000000
C88     4.7789000000000   7.4282000000000  -0.4320000000000
C89     4.8069000000000   6.4521000000000  -1.3461000000000
C90     4.0668000000000   5.1954000000000  -1.1101000000000
C91     3.3472000000000   5.0308000000000   0.0137000000000
C92     3.3373000000000   6.1108000000000   1.0320000000000
C93     4.0126000000000   7.2468000000000   0.8168000000000
H94     5.3216000000000   8.3490000000000  -0.6024000000000
H95     5.3730000000000   6.5795000000000  -2.2597000000000
H96     4.1220000000000   4.4109000000000  -1.8546000000000
H97     2.7943000000000   5.9928000000000   1.9583000000000
H98     4.0038000000000   8.0331000000000   1.5606000000000
O99    -1.9027000000000  -0.0412000000000  -0.1603000000000
O100   -0.2205000000000   1.7919000000000   0.8028000000000
P101   -0.4524000000000   0.1930000000000   0.5545000000000
O102   -0.3363000000000  -0.4365000000000   1.9070000000000
N103    3.5367000000000  -2.6521000000000  -0.5384000000000
H104    2.9002000000000  -2.2957000000000  -1.2848000000000
C105    3.2349000000000  -2.1595000000000   0.7019000000000
C106    5.9015000000000  -1.0886000000000   3.8576000000000
C107    4.6205000000000  -0.5479000000000   3.7730000000000
C108    3.7639000000000  -0.9522000000000   2.7507000000000
C109    4.1761000000000  -1.9025000000000   1.7962000000000
C110    5.4674000000000  -2.4531000000000   1.9020000000000
C111    6.3182000000000  -2.0402000000000   2.9204000000000
H112    6.5776000000000  -0.7687000000000   4.6448000000000
H113    4.2896000000000   0.1970000000000   4.4898000000000
H114    2.7762000000000  -0.5140000000000   2.6645000000000
H115    5.8084000000000  -3.1948000000000   1.1927000000000
H116    7.3181000000000  -2.4585000000000   2.9805000000000
H117    2.4908000000000  -1.3737000000000   0.5783000000000
N118    0.6363000000000  -0.2786000000000  -0.5695000000000
S119    0.4168000000000  -1.2428000000000  -1.8025000000000
O120   -0.5744000000000  -2.3154000000000  -1.6334000000000
O121    1.7511000000000  -1.6438000000000  -2.3274000000000
C122   -0.2054000000000  -0.1895000000000  -3.2225000000000
F123   -1.4101000000000   0.3291000000000  -2.9562000000000
F124    0.6433000000000   0.8180000000000  -3.4561000000000
F125   -0.2980000000000  -0.9436000000000  -4.3221000000000
C126    1.6628000000000  -3.4093000000000   1.5370000000000
C127    2.3766000000000  -4.4525000000000   2.1924000000000
C128    2.3618000000000  -4.1822000000000   3.5537000000000
C129    1.5847000000000  -3.0207000000000   3.7300000000000
N130    1.1300000000000  -2.6045000000000   2.5398000000000
H131    1.1582000000000  -3.4761000000000   0.5828000000000
H132    2.8849000000000  -5.2554000000000   1.6815000000000
H133    2.8561000000000  -4.7332000000000   4.3406000000000
H134    1.3440000000000  -2.4851000000000   4.6380000000000
H135    0.5216000000000  -1.7771000000000   2.3537000000000
S136    4.3797000000000  -4.0415000000000  -1.0514000000000
O137    5.4746000000000  -3.6327000000000  -1.9291000000000
O138    4.6470000000000  -4.8856000000000   0.1160000000000
C139    1.0898000000000  -5.8015000000000  -3.5809000000000
C140    0.9405000000000  -5.5032000000000  -2.2232000000000
N141    1.9336000000000  -5.0048000000000  -1.4808000000000
C142    3.0874000000000  -4.7779000000000  -2.0954000000000
C143    3.3609000000000  -5.0276000000000  -3.4350000000000
C144    2.3185000000000  -5.5659000000000  -4.1929000000000
H145    0.2514000000000  -6.1994000000000  -4.1424000000000
H146   -0.0084000000000  -5.6566000000000  -1.7177000000000
H147    4.3320000000000  -4.7942000000000  -3.8539000000000
H148    2.4641000000000  -5.7816000000000  -5.2466000000000
&
