MAEFILE: Toru-SiPh3-NTf-Type-II-Z-1-chkp-scan-unrestrained-2-19-3-SPE.mae
&gen
epsout=2.38
radprb=2.76
solvent=other
isolv=2
basis=6-31G**
gdftgrad=-13
gdftmed=-13
gdftfine=-13
dftname=M06-2X
iacc=1
&
entry_name: Toru-SiPh3-NTf-Type-II-Z-1-chkp-scan-unrestrained-2-19-3.1
&zmat
C1      3.5722000000000   4.6044000000000   0.4105000000000
C2      3.7464000000000   3.2000000000000   0.3672000000000
C3      4.6662000000000   5.4654000000000   0.3045000000000
C4      5.0515000000000   2.6955000000000   0.1487000000000
C5      2.6550000000000   2.2941000000000   0.5159000000000
C6      6.1439000000000   3.5739000000000   0.0525000000000
C7      5.2558000000000   1.3241000000000   0.0089000000000
C8      5.9498000000000   4.9517000000000   0.1372000000000
C9      2.8681000000000   0.9043000000000   0.2502000000000
C10     1.3125000000000   2.8228000000000   0.9124000000000
C11     4.1784000000000   0.4383000000000   0.0171000000000
O12     1.8772000000000  -0.0574000000000   0.2715000000000
Si13    4.4859000000000  -1.3799000000000  -0.2940000000000
C14     1.1039000000000   3.5594000000000   2.1052000000000
C15     0.2483000000000   2.6691000000000   0.0087000000000
C16    -0.1117000000000   4.2694000000000   2.2791000000000
C17     2.0691000000000   3.5988000000000   3.1324000000000
C18    -1.0942000000000   4.2315000000000   1.2810000000000
C19    -0.3237000000000   5.0191000000000   3.4469000000000
C20    -0.9268000000000   3.4271000000000   0.1491000000000
Si21   -2.2751000000000   3.3928000000000  -1.1443000000000
O22     0.3137000000000   1.6725000000000  -0.9259000000000
C23     1.8398000000000   4.3430000000000   4.2917000000000
C24     0.6496000000000   5.0540000000000   4.4468000000000
P25     0.3518000000000   0.2037000000000  -0.2171000000000
O26    -0.0231000000000  -0.8091000000000  -1.2725000000000
C27     6.2994000000000  -1.7673000000000  -0.4249000000000
C28     3.7158000000000  -2.2813000000000   1.1392000000000
C29     3.7274000000000  -1.8871000000000  -1.9165000000000
C30    -3.7619000000000   2.4613000000000  -0.5158000000000
C31    -2.7279000000000   5.1618000000000  -1.5101000000000
C32    -1.6487000000000   2.5792000000000  -2.7017000000000
C33     7.0345000000000  -1.2674000000000  -1.5108000000000
C34     6.9363000000000  -2.5853000000000   0.5212000000000
C35     4.0501000000000  -1.9064000000000   2.4491000000000
C36     2.7627000000000  -3.2886000000000   0.9331000000000
C37     3.8817000000000  -3.2059000000000  -2.3695000000000
C38     3.0507000000000  -0.9567000000000  -2.7223000000000
C39    -4.8142000000000   2.1542000000000  -1.3935000000000
C40    -3.8458000000000   2.0577000000000   0.8248000000000
C41    -4.0698000000000   5.5674000000000  -1.5901000000000
C42    -1.7116000000000   6.1175000000000  -1.6686000000000
C43    -1.9904000000000   1.2482000000000  -2.9855000000000
C44    -0.7537000000000   3.2515000000000  -3.5486000000000
C45     8.3951000000000  -1.5628000000000  -1.6357000000000
C46     9.0269000000000  -2.3667000000000  -0.6834000000000
C47     8.2973000000000  -2.8793000000000   0.3927000000000
C48     3.4479000000000  -2.5426000000000   3.5387000000000
C49     2.5088000000000  -3.5554000000000   3.3264000000000
C50     2.1675000000000  -3.9288000000000   2.0241000000000
C51     3.3466000000000  -3.5948000000000  -3.6012000000000
C52     2.6657000000000  -2.6666000000000  -4.3931000000000
C53     2.5163000000000  -1.3491000000000  -3.9529000000000
C54    -5.9346000000000   1.4558000000000  -0.9347000000000
C55    -6.0184000000000   1.0721000000000   0.4053000000000
C56    -4.9767000000000   1.3771000000000   1.2848000000000
C57    -4.3871000000000   6.9041000000000  -1.8508000000000
C58    -3.3696000000000   7.8458000000000  -2.0225000000000
C59    -2.0325000000000   7.4530000000000  -1.9279000000000
C60    -1.4642000000000   0.6061000000000  -4.1094000000000
C61    -0.5836000000000   1.2853000000000  -4.9540000000000
C62    -0.2275000000000   2.6067000000000  -4.6727000000000
C63    -3.5525000000000  -6.4846000000000   1.1609000000000
C64    -3.0995000000000  -5.5076000000000   0.2789000000000
C65    -2.1839000000000  -4.5337000000000   0.7161000000000
C66    -1.7219000000000  -4.5746000000000   2.0451000000000
C67    -2.1829000000000  -5.5576000000000   2.9199000000000
C68    -3.0973000000000  -6.5147000000000   2.4822000000000
C69    -1.6150000000000  -3.4480000000000  -0.1204000000000
N70    -2.2917000000000  -2.6103000000000  -0.9633000000000
S71    -3.8844000000000  -2.6609000000000  -1.5834000000000
O72    -3.9910000000000  -1.4443000000000  -2.3808000000000
O73    -4.1606000000000  -3.9638000000000  -2.1929000000000
C74    -4.9314000000000  -2.5299000000000  -0.1013000000000
C75    -6.2650000000000  -2.9185000000000  -0.2200000000000
C76    -7.0620000000000  -2.7632000000000   0.9129000000000
C77    -6.4877000000000  -2.2584000000000   2.0797000000000
C78    -5.1349000000000  -1.9156000000000   2.0727000000000
N79    -4.3629000000000  -2.0376000000000   0.9849000000000
N80     0.2038000000000  -3.3091000000000  -2.1081000000000
C81    -0.4515000000000  -3.3766000000000  -3.2745000000000
C82    -1.1245000000000  -4.6110000000000  -3.3696000000000
C83    -0.9105000000000  -5.2692000000000  -2.1702000000000
C84    -0.1699000000000  -4.4014000000000  -1.3183000000000
H85     2.5938000000000   5.0537000000000   0.5077000000000
H86     4.5161000000000   6.5366000000000   0.3475000000000
H87     7.1474000000000   3.1948000000000  -0.1018000000000
H88     6.2603000000000   0.9542000000000  -0.1437000000000
H89     6.7948000000000   5.6233000000000   0.0563000000000
H90     2.9954000000000   3.0447000000000   3.0532000000000
H91    -2.0083000000000   4.8025000000000   1.4007000000000
H92    -1.2443000000000   5.5727000000000   3.5887000000000
H93     2.5872000000000   4.3661000000000   5.0742000000000
H94     0.4785000000000   5.6298000000000   5.3471000000000
H95     6.5558000000000  -0.6474000000000  -2.2589000000000
H96     6.3890000000000  -3.0014000000000   1.3554000000000
H97     4.7710000000000  -1.1180000000000   2.6273000000000
H98     2.4756000000000  -3.5789000000000  -0.0650000000000
H99     4.4163000000000  -3.9328000000000  -1.7706000000000
H100    2.9369000000000   0.0722000000000  -2.4117000000000
H101   -4.7658000000000   2.4516000000000  -2.4337000000000
H102   -3.0493000000000   2.2753000000000   1.5204000000000
H103   -4.8752000000000   4.8615000000000  -1.4523000000000
H104   -0.6703000000000   5.8359000000000  -1.5767000000000
H105   -2.6308000000000   0.6931000000000  -2.3182000000000
H106   -0.4477000000000   4.2655000000000  -3.3389000000000
H107    8.9589000000000  -1.1703000000000  -2.4720000000000
H108   10.0801000000000  -2.5960000000000  -0.7815000000000
H109    8.7860000000000  -3.5077000000000   1.1260000000000
H110    3.7071000000000  -2.2485000000000   4.5474000000000
H111    2.0413000000000  -4.0464000000000   4.1700000000000
H112    1.4358000000000  -4.7091000000000   1.8608000000000
H113    3.4619000000000  -4.6152000000000  -3.9426000000000
H114    2.2498000000000  -2.9693000000000  -5.3454000000000
H115    1.9877000000000  -0.6308000000000  -4.5662000000000
H116   -6.7402000000000   1.2171000000000  -1.6168000000000
H117   -6.8895000000000   0.5381000000000   0.7619000000000
H118   -5.0450000000000   1.0840000000000   2.3241000000000
H119   -5.4231000000000   7.2105000000000  -1.9165000000000
H120   -3.6173000000000   8.8803000000000  -2.2222000000000
H121   -1.2442000000000   8.1845000000000  -2.0500000000000
H122   -1.7302000000000  -0.4217000000000  -4.3178000000000
H123   -0.1706000000000   0.7853000000000  -5.8205000000000
H124    0.4634000000000   3.1294000000000  -5.3214000000000
H125   -4.2588000000000  -7.2319000000000   0.8117000000000
H126   -3.4509000000000  -5.5032000000000  -0.7450000000000
H127   -1.0316000000000  -3.8140000000000   2.3959000000000
H128   -1.8232000000000  -5.5701000000000   3.9441000000000
H129   -3.4510000000000  -7.2843000000000   3.1621000000000
H130   -0.8393000000000  -2.8885000000000   0.3984000000000
H131   -6.6505000000000  -3.3283000000000  -1.1462000000000
H132   -8.1111000000000  -3.0401000000000   0.8852000000000
H133   -7.0748000000000  -2.1311000000000   2.9829000000000
H134   -4.6461000000000  -1.5198000000000   2.9569000000000
H135    0.5036000000000  -2.3934000000000  -1.7296000000000
H136   -0.4262000000000  -2.5500000000000  -3.9705000000000
H137   -1.7145000000000  -4.9439000000000  -4.2103000000000
H138   -1.2791000000000  -6.2434000000000  -1.8840000000000
H139    0.4595000000000  -4.7167000000000  -0.4988000000000
H140   -1.8159000000000  -1.7123000000000  -1.1428000000000
N141   -0.5872000000000   0.2201000000000   1.0983000000000
S142   -0.1174000000000  -0.3514000000000   2.5096000000000
O143    1.0639000000000   0.2840000000000   3.1116000000000
O144   -0.1945000000000  -1.8290000000000   2.5791000000000
C145   -1.5377000000000   0.2413000000000   3.5546000000000
F146   -1.5667000000000   1.5760000000000   3.6131000000000
F147   -2.7150000000000  -0.1941000000000   3.0787000000000
F148   -1.3826000000000  -0.2387000000000   4.7955000000000
&
