MAEFILE: jag_Toru-SiPh3-NTf-Type-I-E-Sulfonyl-1-chkp-scan-unrestrained.SPE.mae
&gen
epsout=2.38
radprb=2.76
solvent=other
isolv=2
basis=6-31G**
gdftgrad=-13
gdftmed=-13
gdftfine=-13
dftname=M06-2X
iacc=1
&
entry_name: Toru-SiPh3-NTf-Type-I-E-Sulfonyl-1-chkp-scan-unrestrained.1
&zmat
C1      4.9463000000000   3.8257000000000   0.1726000000000
C2      3.4579000000000   3.8793000000000   0.1197000000000
C3      5.6478000000000   4.8800000000000   0.6043000000000
C4      2.8301000000000   4.9904000000000   0.5633000000000
C5      2.6468000000000   2.7189000000000  -0.3626000000000
C6      3.6167000000000   6.1545000000000   1.0339000000000
C7      1.3583000000000   5.0378000000000   0.6168000000000
C8      4.9524000000000   6.1027000000000   1.0467000000000
C9      1.2991000000000   2.7375000000000  -0.2235000000000
C10     3.3106000000000   1.5061000000000  -0.9052000000000
C11     0.6222000000000   3.9796000000000   0.2463000000000
O12     0.5458000000000   1.6648000000000  -0.6424000000000
Si13   -1.2314000000000   4.0679000000000   0.4286000000000
C14     4.1026000000000   1.5299000000000  -2.0015000000000
C15     3.1063000000000   0.2284000000000  -0.1733000000000
C16     4.8673000000000   0.3133000000000  -2.3771000000000
C17     4.2585000000000   2.7294000000000  -2.8618000000000
C18     4.7627000000000  -0.8033000000000  -1.6446000000000
C19     5.7618000000000   0.3734000000000  -3.5499000000000
C20     3.8406000000000  -0.8592000000000  -0.4881000000000
Si21    3.7119000000000  -2.4757000000000   0.4377000000000
O22     2.1697000000000   0.1872000000000   0.8290000000000
C23     5.0835000000000   2.7074000000000  -3.9155000000000
C24     5.8611000000000   1.4989000000000  -4.2656000000000
P25     0.6266000000000   0.3166000000000   0.3018000000000
O26    -0.2666000000000   0.3861000000000   1.4965000000000
N27     0.4703000000000  -0.9187000000000  -0.7468000000000
C28    -1.6941000000000   3.3744000000000   2.0991000000000
C29    -1.7544000000000   5.8607000000000   0.3179000000000
C30    -2.0408000000000   3.1381000000000  -0.9700000000000
C31     2.7889000000000  -3.7172000000000  -0.6013000000000
C32     5.4516000000000  -3.0693000000000   0.7443000000000
C33     2.8402000000000  -2.2493000000000   2.0703000000000
C34    -2.9842000000000   3.2549000000000   2.4586000000000
C35    -0.6338000000000   3.0138000000000   3.0734000000000
C36    -2.5198000000000   6.4317000000000   1.2656000000000
C37    -1.2768000000000   6.6907000000000  -0.8171000000000
C38    -2.8583000000000   2.0973000000000  -0.7376000000000
C39    -1.7891000000000   3.5586000000000  -2.3708000000000
C40     2.4419000000000  -4.9074000000000  -0.0818000000000
C41     2.4336000000000  -3.4081000000000  -2.0087000000000
C42     6.3840000000000  -2.2096000000000   1.1909000000000
C43     5.8406000000000  -4.4723000000000   0.4544000000000
C44     3.4553000000000  -1.6411000000000   3.0993000000000
C45     1.4274000000000  -2.6749000000000   2.2213000000000
C46    -3.3416000000000   2.7793000000000   3.8107000000000
C47    -2.3805000000000   2.4754000000000   4.6899000000000
C48    -0.9611000000000   2.5900000000000   4.3002000000000
C49    -2.9170000000000   7.8507000000000   1.1521000000000
C50    -2.5020000000000   8.5832000000000   0.1132000000000
C51    -1.6345000000000   7.9768000000000  -0.9146000000000
C52    -3.5498000000000   1.4300000000000  -1.8583000000000
C53    -3.3563000000000   1.8450000000000  -3.1140000000000
C54    -2.4223000000000   2.9544000000000  -3.3838000000000
C55     1.7181000000000  -5.8982000000000  -0.9043000000000
C56     1.4103000000000  -5.6175000000000  -2.1755000000000
C57     1.7888000000000  -4.3135000000000  -2.7552000000000
C58     7.7707000000000  -2.6641000000000   1.4215000000000
C59     8.1101000000000  -3.9336000000000   1.1728000000000
C60     7.0990000000000  -4.8801000000000   0.6617000000000
C61     2.7426000000000  -1.4319000000000   4.3768000000000
C62     1.4750000000000  -1.8359000000000   4.5112000000000
C63     0.7852000000000  -2.4831000000000   3.3792000000000
C64    -1.2362000000000  -4.9802000000000   1.8017000000000
C65    -2.1214000000000  -4.0496000000000   1.2668000000000
C66    -3.1893000000000  -3.5669000000000   2.0453000000000
C67    -3.3316000000000  -4.0213000000000   3.3700000000000
C68    -2.4344000000000  -4.9443000000000   3.9008000000000
C69    -1.3857000000000  -5.4280000000000   3.1163000000000
C70    -4.2401000000000  -2.7094000000000   1.4754000000000
N71    -4.2797000000000  -2.4855000000000   0.1250000000000
S72    -5.7812000000000  -2.0264000000000  -0.5573000000000
O73    -6.7543000000000  -3.0244000000000  -0.1107000000000
O74    -6.0569000000000  -0.6056000000000  -0.2927000000000
C75    -5.3816000000000  -2.1969000000000  -2.3169000000000
C76    -5.7901000000000  -1.1900000000000  -3.1869000000000
C77    -5.4851000000000  -1.3728000000000  -4.5361000000000
C78    -4.7990000000000  -2.5220000000000  -4.9231000000000
C79    -4.4461000000000  -3.4597000000000  -3.9487000000000
N80    -4.7444000000000  -3.3083000000000  -2.6545000000000
N81    -2.6068000000000  -0.5307000000000   2.4403000000000
C82    -2.2675000000000  -0.6401000000000   3.7253000000000
C83    -3.4262000000000  -0.8590000000000   4.5019000000000
C84    -4.4949000000000  -0.8679000000000   3.6199000000000
C85    -3.9779000000000  -0.7424000000000   2.2948000000000
H86     5.4807000000000   2.9323000000000  -0.1197000000000
H87     6.7286000000000   4.8345000000000   0.6412000000000
H88     3.1124000000000   7.0515000000000   1.3716000000000
H89     0.8849000000000   5.9327000000000   1.0004000000000
H90     5.5262000000000   6.9529000000000   1.3921000000000
H91     3.6985000000000   3.6335000000000  -2.6602000000000
H92     5.3344000000000  -1.6841000000000  -1.9131000000000
H93     6.3440000000000  -0.4938000000000  -3.8383000000000
H94     5.1827000000000   3.5912000000000  -4.5326000000000
H95     6.5202000000000   1.5287000000000  -5.1238000000000
H96    -3.7777000000000   3.5297000000000   1.7748000000000
H97     0.4111000000000   3.0921000000000   2.8053000000000
H98    -2.8602000000000   5.8782000000000   2.1265000000000
H99    -0.6036000000000   6.2769000000000  -1.5536000000000
H100   -3.0333000000000   1.7289000000000   0.2617000000000
H101   -1.0798000000000   4.3417000000000  -2.5898000000000
H102    2.6863000000000  -5.1567000000000   0.9435000000000
H103    2.6845000000000  -2.4517000000000  -2.4446000000000
H104    6.1419000000000  -1.1701000000000   1.3715000000000
H105    5.1199000000000  -5.1786000000000   0.0703000000000
H106    4.4715000000000  -1.2869000000000   3.0134000000000
H107    0.8952000000000  -3.1103000000000   1.3879000000000
H108   -4.3829000000000   2.6843000000000   4.0899000000000
H109   -2.6405000000000   2.1287000000000   5.6816000000000
H110   -0.1864000000000   2.3265000000000   5.0085000000000
H111   -3.5454000000000   8.2954000000000   1.9130000000000
H112   -2.7912000000000   9.6228000000000   0.0299000000000
H113   -1.2743000000000   8.5800000000000  -1.7380000000000
H114   -4.2102000000000   0.6019000000000  -1.6581000000000
H115   -3.8620000000000   1.3523000000000  -3.9343000000000
H116   -2.2347000000000   3.2632000000000  -4.4040000000000
H117    1.4383000000000  -6.8516000000000  -0.4753000000000
H118    0.8797000000000  -6.3420000000000  -2.7795000000000
H119    1.5295000000000  -4.0860000000000  -3.7810000000000
H120    8.5112000000000  -1.9659000000000   1.7898000000000
H121    9.1258000000000  -4.2681000000000   1.3399000000000
H122    7.3800000000000  -5.9038000000000   0.4505000000000
H123    3.2487000000000  -0.9481000000000   5.2021000000000
H124    0.9492000000000  -1.6797000000000   5.4442000000000
H125   -0.2477000000000  -2.7827000000000   3.4837000000000
H126   -0.4275000000000  -5.3535000000000   1.1825000000000
H127   -1.9895000000000  -3.7397000000000   0.2374000000000
H128   -4.1596000000000  -3.6649000000000   3.9730000000000
H129   -2.5608000000000  -5.2932000000000   4.9209000000000
H130   -0.6895000000000  -6.1536000000000   3.5262000000000
H131   -5.2255000000000  -2.8533000000000   1.9086000000000
H132   -6.2985000000000  -0.3081000000000  -2.8171000000000
H133   -5.7698000000000  -0.6227000000000  -5.2670000000000
H134   -4.5325000000000  -2.6921000000000  -5.9607000000000
H135   -3.9045000000000  -4.3640000000000  -4.2128000000000
H136   -1.9040000000000  -0.2792000000000   1.7238000000000
H137   -1.2363000000000  -0.5277000000000   4.0256000000000
H138   -3.4491000000000  -0.9865000000000   5.5744000000000
H139   -5.5426000000000  -0.9935000000000   3.8592000000000
H140   -4.4943000000000  -0.2881000000000   1.4589000000000
S141   -0.8195000000000  -1.5584000000000  -1.3384000000000
O142   -2.1044000000000  -1.0605000000000  -0.7459000000000
C143   -0.8588000000000  -0.9307000000000  -3.0978000000000
O144   -0.7358000000000  -3.0176000000000  -1.4915000000000
F145   -2.0501000000000  -1.2112000000000  -3.6558000000000
F146   -0.6682000000000   0.3898000000000  -3.1306000000000
F147    0.0978000000000  -1.5219000000000  -3.8197000000000
H148   -3.4360000000000  -2.0942000000000  -0.3457000000000
&
