MAEFILE: B3LYP-SPE-Toru-SiPh3-Type-I-E-11-chkp-unrestrained.mae
&gen
epsout=2.38
radprb=2.76
isolv=2
solvent=other
basis=6-31G**
gdftgrad=-13
gdftmed=-13
rsinglet=0
gdftfine=-13
dftname=B3LYP
iacc=1
&
entry_name: Toru-SiPh3-Type-I-E-11-chkp-unrestrained.1
&zmat
C1      0.3507000000000   5.3850000000000  -0.0889000000000
C2      1.2624000000000   4.2127000000000  -0.2120000000000
C3      0.7699000000000   6.6082000000000  -0.4330000000000
C4      2.5000000000000   4.3997000000000  -0.7182000000000
C5      0.8217000000000   2.8341000000000   0.1623000000000
C6      2.9566000000000   5.7591000000000  -1.0908000000000
C7      3.4032000000000   3.2513000000000  -0.9024000000000
C8      2.1366000000000   6.8056000000000  -0.9503000000000
C9      1.5970000000000   1.7705000000000  -0.1555000000000
C10    -0.4892000000000   2.6237000000000   0.8196000000000
C11     2.9963000000000   2.0044000000000  -0.6200000000000
O12     1.1861000000000   0.4907000000000   0.1429000000000
Si13    4.2048000000000   0.5910000000000  -0.7868000000000
C14    -0.8024000000000   3.1658000000000   2.0170000000000
C15    -1.5143000000000   1.8653000000000   0.0641000000000
C16    -2.2073000000000   3.1169000000000   2.4931000000000
C17     0.1968000000000   3.8305000000000   2.8896000000000
C18    -3.1595000000000   2.5702000000000   1.7250000000000
C19    -2.5328000000000   3.7240000000000   3.7984000000000
C20    -2.8108000000000   1.9372000000000   0.4315000000000
Si21   -4.2102000000000   1.2021000000000  -0.5653000000000
O22    -1.1196000000000   1.1497000000000  -1.0350000000000
C23    -0.1716000000000   4.3564000000000   4.0638000000000
C24    -1.5744000000000   4.3027000000000   4.5308000000000
P25    -0.1177000000000  -0.1106000000000  -0.6808000000000
O26     0.2833000000000  -0.7060000000000  -2.0059000000000
O27    -0.8157000000000  -1.0329000000000   0.3131000000000
C28     3.5552000000000  -0.5351000000000  -2.1135000000000
C29     5.8833000000000   1.2095000000000  -1.2976000000000
C30     4.4818000000000  -0.2457000000000   0.8531000000000
C31    -5.0719000000000   0.0082000000000   0.5720000000000
C32    -5.3795000000000   2.5283000000000  -1.1415000000000
C33    -3.6296000000000   0.3455000000000  -2.1099000000000
C34     3.5998000000000  -1.8719000000000  -1.9960000000000
C35     3.0411000000000   0.0697000000000  -3.3666000000000
C36     6.5921000000000   1.9861000000000  -0.4606000000000
C37     6.4685000000000   0.8244000000000  -2.6057000000000
C38     3.8770000000000   0.1912000000000   1.9725000000000
C39     5.4698000000000  -1.3482000000000   0.9462000000000
C40    -4.3479000000000  -0.8824000000000   1.2693000000000
C41    -6.5434000000000   0.0494000000000   0.7553000000000
C42    -5.1922000000000   3.8198000000000  -0.8197000000000
C43    -6.5093000000000   2.1552000000000  -2.0267000000000
C44    -3.0904000000000   1.0546000000000  -3.1165000000000
C45    -3.7731000000000  -1.1201000000000  -2.2500000000000
C46     3.1615000000000  -2.7299000000000  -3.1172000000000
C47     2.6881000000000  -2.1793000000000  -4.2407000000000
C48     2.6229000000000  -0.7104000000000  -4.3706000000000
C49     7.9335000000000   2.4690000000000  -0.8486000000000
C50     8.4527000000000   2.1257000000000  -2.0330000000000
C51     7.6855000000000   1.2617000000000  -2.9527000000000
C52     4.1541000000000  -0.4581000000000   3.2706000000000
C53     5.0198000000000  -1.4753000000000   3.3412000000000
C54     5.7164000000000  -1.9363000000000   2.1235000000000
C55    -5.0119000000000  -1.8407000000000   2.1756000000000
C56    -6.3414000000000  -1.8143000000000   2.3195000000000
C57    -7.1433000000000  -0.8185000000000   1.5802000000000
C58    -6.1264000000000   4.8522000000000  -1.3158000000000
C59    -7.1534000000000   4.5070000000000  -2.1012000000000
C60    -7.3516000000000   3.0928000000000  -2.4773000000000
C61    -2.5882000000000   0.3668000000000  -4.3245000000000
C62    -2.6904000000000  -0.9636000000000  -4.4294000000000
C63    -3.3227000000000  -1.7420000000000  -3.3455000000000
C64    -3.1136000000000  -6.6068000000000  -0.1664000000000
C65    -1.8291000000000  -6.1472000000000   0.1009000000000
C66    -1.5644000000000  -4.7704000000000   0.2094000000000
C67    -2.6074000000000  -3.8527000000000   0.0106000000000
C68    -3.8975000000000  -4.3217000000000  -0.2403000000000
C69    -4.1544000000000  -5.6903000000000  -0.3286000000000
C70    -0.2047000000000  -4.3814000000000   0.6265000000000
N71     0.0154000000000  -3.2248000000000   1.3222000000000
S72     1.5062000000000  -3.1701000000000   2.1531000000000
O73     1.7432000000000  -4.5000000000000   2.7352000000000
O74     2.5229000000000  -2.5859000000000   1.2746000000000
C75     1.1271000000000  -2.0332000000000   3.5129000000000
C76     1.4307000000000  -2.4323000000000   4.8125000000000
C77     1.1920000000000  -1.4988000000000   5.8220000000000
C78     0.6641000000000  -0.2540000000000   5.4818000000000
C79     0.3936000000000   0.0173000000000   4.1382000000000
N80     0.6307000000000  -0.8589000000000   3.1593000000000
N81     0.2025000000000  -3.3454000000000  -1.9993000000000
C82    -0.3656000000000  -4.0568000000000  -2.9727000000000
C83     0.0086000000000  -5.4154000000000  -2.8549000000000
C84     0.8544000000000  -5.4958000000000  -1.7618000000000
C85     0.9217000000000  -4.2031000000000  -1.1613000000000
H86    -0.6643000000000   5.2643000000000   0.2644000000000
H87     0.1030000000000   7.4560000000000  -0.3423000000000
H88     3.9562000000000   5.9102000000000  -1.4793000000000
H89     4.4016000000000   3.4416000000000  -1.2699000000000
H90     2.4704000000000   7.7983000000000  -1.2238000000000
H91     1.2393000000000   3.8792000000000   2.6017000000000
H92    -4.1906000000000   2.5658000000000   2.0597000000000
H93    -3.5499000000000   3.7057000000000   4.1713000000000
H94     0.5723000000000   4.8290000000000   4.6923000000000
H95    -1.8266000000000   4.7431000000000   5.4869000000000
H96    -0.3291000000000  -2.2400000000000   0.9254000000000
H97     3.9729000000000  -2.3443000000000  -1.1005000000000
H98     2.9997000000000   1.1464000000000  -3.4746000000000
H99     6.1911000000000   2.2704000000000   0.5047000000000
H100    5.9233000000000   0.1872000000000  -3.2882000000000
H101    3.1915000000000   1.0258000000000   1.9538000000000
H102    6.0022000000000  -1.6786000000000   0.0632000000000
H103   -3.2713000000000  -0.9043000000000   1.1852000000000
H104   -7.1449000000000   0.7799000000000   0.2345000000000
H105   -4.3598000000000   4.1310000000000  -0.2049000000000
H106   -6.6573000000000   1.1212000000000  -2.3128000000000
H107   -2.9880000000000   2.1304000000000  -3.0427000000000
H108   -4.2521000000000  -1.6924000000000  -1.4739000000000
H109    3.2192000000000  -3.8065000000000  -3.0245000000000
H110    2.3576000000000  -2.8083000000000  -5.0571000000000
H111    2.2433000000000  -0.2669000000000  -5.2819000000000
H112    8.4947000000000   3.0999000000000  -0.1716000000000
H113    9.4356000000000   2.4777000000000  -2.3185000000000
H114    8.1118000000000   0.9806000000000  -3.9071000000000
H115    3.6504000000000  -0.1109000000000   4.1634000000000
H116    5.2184000000000  -1.9551000000000   4.2907000000000
H117    6.4342000000000  -2.7436000000000   2.1877000000000
H118   -4.4197000000000  -2.5658000000000   2.7188000000000
H119   -6.8309000000000  -2.5166000000000   2.9816000000000
H120   -8.2171000000000  -0.7884000000000   1.7126000000000
H121   -5.9758000000000   5.8888000000000  -1.0435000000000
H122   -7.8373000000000   5.2624000000000  -2.4657000000000
H123   -8.1771000000000   2.8177000000000  -3.1209000000000
H124   -2.1305000000000   0.9410000000000  -5.1194000000000
H125   -2.3185000000000  -1.4703000000000  -5.3105000000000
H126   -3.4302000000000  -2.8146000000000  -3.4428000000000
H127   -3.3044000000000  -7.6734000000000  -0.2348000000000
H128   -1.0211000000000  -6.8585000000000   0.2475000000000
H129   -2.3999000000000  -2.7894000000000   0.0675000000000
H130   -4.7186000000000  -3.6225000000000  -0.3527000000000
H131   -5.1638000000000  -6.0415000000000  -0.5217000000000
H132    0.3899000000000  -5.2149000000000   0.9913000000000
H133    1.8288000000000  -3.4202000000000   5.0084000000000
H134    1.4124000000000  -1.7435000000000   6.8564000000000
H135    0.4622000000000   0.4958000000000   6.2397000000000
H136   -0.0269000000000   0.9718000000000   3.8346000000000
H137    0.1999000000000  -2.2773000000000  -1.9497000000000
H138   -0.9952000000000  -3.5824000000000  -3.7124000000000
H139   -0.3181000000000  -6.2171000000000  -3.5016000000000
H140    1.3417000000000  -6.3812000000000  -1.3755000000000
H141    1.7701000000000  -3.7951000000000  -0.6262000000000
&
