MAEFILE: Toru-SiPh3-NTf-Type-I-E-4-scan-TS--SPE.mae
&gen
epsout=2.38
radprb=2.76
solvent=other
isolv=2
basis=6-31G**
gdftgrad=-13
gdftmed=-13
gdftfine=-13
dftname=M06-2X
iacc=1
&
entry_name: Toru-SiPh3-NTf-Type-I-E-4-scan-TS-2.1
&zmat
C1     -2.4151000000000   5.3109000000000  -0.0125000000000
C2     -2.9076000000000   3.9063000000000  -0.1034000000000
C3     -3.2473000000000   6.3013000000000   0.3286000000000
C4     -4.1926000000000   3.6472000000000   0.2212000000000
C5     -2.0047000000000   2.7782000000000  -0.4952000000000
C6     -5.1076000000000   4.7521000000000   0.5922000000000
C7     -4.6787000000000   2.2582000000000   0.2633000000000
C8     -4.6596000000000   6.0106000000000   0.6351000000000
C9     -2.4379000000000   1.5009000000000  -0.3766000000000
C10    -0.6130000000000   3.0532000000000  -0.9339000000000
C11    -3.8579000000000   1.2320000000000  -0.0068000000000
O12    -1.6264000000000   0.4559000000000  -0.7470000000000
Si13   -4.4893000000000  -0.5050000000000   0.2615000000000
C14    -0.3288000000000   3.8515000000000  -1.9865000000000
C15     0.4938000000000   2.5452000000000  -0.0794000000000
C16     1.0552000000000   4.3540000000000  -2.1663000000000
C17    -1.3519000000000   4.2884000000000  -2.9684000000000
C18     2.0071000000000   4.0402000000000  -1.2770000000000
C19     1.3411000000000   5.2450000000000  -3.3081000000000
C20     1.7162000000000   3.1175000000000  -0.1511000000000
Si21    3.1068000000000   2.7193000000000   1.0456000000000
O22     0.2343000000000   1.5489000000000   0.8257000000000
C23    -1.0197000000000   5.1014000000000  -3.9783000000000
C24     0.3644000000000   5.5931000000000  -4.1534000000000
P25    -0.3357000000000   0.1362000000000   0.2131000000000
O26    -0.6785000000000  -0.6953000000000   1.4147000000000
N27     0.7080000000000  -0.6475000000000  -0.7567000000000
C28    -3.9849000000000  -1.0451000000000   1.9773000000000
C29    -6.3578000000000  -0.4812000000000   0.1330000000000
C30    -3.8446000000000  -1.6593000000000  -1.0569000000000
C31     3.9301000000000   1.1487000000000   0.4808000000000
C32     4.3774000000000   4.0812000000000   0.9379000000000
C33     2.4783000000000   2.6116000000000   2.8103000000000
C34    -4.2950000000000  -2.2735000000000   2.4282000000000
C35    -3.2998000000000  -0.0918000000000   2.8866000000000
C36    -7.1405000000000  -0.9393000000000   1.1273000000000
C37    -6.9983000000000   0.1014000000000  -1.0737000000000
C38    -3.1540000000000  -2.7687000000000  -0.7395000000000
C39    -4.1570000000000  -1.3894000000000  -2.4821000000000
C40     4.2562000000000   0.1724000000000   1.3423000000000
C41     4.3057000000000   1.0103000000000  -0.9466000000000
C42     3.9996000000000   5.3697000000000   1.0097000000000
C43     5.8143000000000   3.7545000000000   0.7618000000000
C44     2.6831000000000   3.6142000000000   3.6842000000000
C45     1.7401000000000   1.4079000000000   3.2669000000000
C46    -3.9707000000000  -2.6642000000000   3.8153000000000
C47    -3.3689000000000  -1.7937000000000   4.6335000000000
C48    -3.0072000000000  -0.4491000000000   4.1429000000000
C49    -8.6122000000000  -0.9107000000000   0.9956000000000
C50    -9.1782000000000  -0.4094000000000  -0.1072000000000
C51    -8.3315000000000   0.1303000000000  -1.1879000000000
C52    -2.7840000000000  -3.7442000000000  -1.7867000000000
C53    -3.1255000000000  -3.5231000000000  -3.0607000000000
C54    -3.8343000000000  -2.2813000000000  -3.4272000000000
C55     4.9078000000000  -1.0631000000000   0.8566000000000
C56     5.2047000000000  -1.1999000000000  -0.4404000000000
C57     4.9043000000000  -0.1049000000000  -1.3833000000000
C58     5.0039000000000   6.4484000000000   0.9089000000000
C59     6.2971000000000   6.1471000000000   0.7458000000000
C60     6.7217000000000   4.7348000000000   0.6701000000000
C61     2.1501000000000   3.5307000000000   5.0607000000000
C62     1.4631000000000   2.4518000000000   5.4510000000000
C63     1.2521000000000   1.3358000000000   4.5105000000000
C64     3.7601000000000  -4.3758000000000   3.8136000000000
C65     3.0116000000000  -4.7296000000000   2.6966000000000
C66     2.2432000000000  -3.7706000000000   2.0122000000000
C67     2.2111000000000  -2.4520000000000   2.4899000000000
C68     2.9413000000000  -2.1107000000000   3.6298000000000
C69     3.7209000000000  -3.0622000000000   4.2858000000000
C70     1.4927000000000  -4.2474000000000   0.8330000000000
N71     1.4044000000000  -3.5427000000000  -0.3379000000000
S72     1.2963000000000  -4.4303000000000  -1.8115000000000
O73     1.0211000000000  -5.8125000000000  -1.4063000000000
O74     0.4028000000000  -3.7222000000000  -2.7170000000000
C75     2.9923000000000  -4.3281000000000  -2.4425000000000
C76     3.2339000000000  -3.7065000000000  -3.6619000000000
C77     4.5618000000000  -3.6806000000000  -4.0897000000000
C78     5.5432000000000  -4.2601000000000  -3.2883000000000
C79     5.1671000000000  -4.8489000000000  -2.0781000000000
N80     3.9004000000000  -4.8869000000000  -1.6528000000000
N81    -0.7213000000000  -3.2429000000000   2.1210000000000
C82    -0.6549000000000  -3.4033000000000   3.4416000000000
C83    -0.4771000000000  -4.7724000000000   3.7500000000000
C84    -0.4018000000000  -5.4393000000000   2.5425000000000
C85    -0.4485000000000  -4.4658000000000   1.4947000000000
H86    -1.3774000000000   5.5502000000000  -0.1990000000000
H87    -2.8826000000000   7.3183000000000   0.3944000000000
H88    -6.1427000000000   4.5440000000000   0.8331000000000
H89    -5.6980000000000   2.0833000000000   0.5823000000000
H90    -5.3281000000000   6.8168000000000   0.9081000000000
H91    -2.3745000000000   3.9407000000000  -2.8945000000000
H92     3.0104000000000   4.4213000000000  -1.4158000000000
H93     2.3427000000000   5.6272000000000  -3.4659000000000
H94    -1.7775000000000   5.4043000000000  -4.6894000000000
H95     0.5876000000000   6.2488000000000  -4.9852000000000
H96    -4.8134000000000  -2.9818000000000   1.7940000000000
H97    -3.0308000000000   0.8991000000000   2.5468000000000
H98    -6.7232000000000  -1.3322000000000   2.0406000000000
H99    -6.3974000000000   0.5460000000000  -1.8528000000000
H100   -2.8837000000000  -2.9892000000000   0.2805000000000
H101   -4.6314000000000  -0.4653000000000  -2.7743000000000
H102    4.0708000000000   0.2800000000000   2.3998000000000
H103    4.1020000000000   1.8137000000000  -1.6429000000000
H104    2.9569000000000   5.6348000000000   1.1347000000000
H105    6.1436000000000   2.7253000000000   0.7142000000000
H106    3.2258000000000   4.5038000000000   3.4056000000000
H107    1.6115000000000   0.5670000000000   2.6048000000000
H108   -4.2268000000000  -3.6544000000000   4.1690000000000
H109   -3.1310000000000  -2.0783000000000   5.6502000000000
H110   -2.5046000000000   0.2466000000000   4.8024000000000
H111   -9.2310000000000  -1.2975000000000   1.7950000000000
H112  -10.2560000000000  -0.3870000000000  -0.2041000000000
H113   -8.7925000000000   0.5665000000000  -2.0647000000000
H114   -2.2507000000000  -4.6467000000000  -1.5191000000000
H115   -2.8604000000000  -4.2395000000000  -3.8274000000000
H116   -4.0662000000000  -2.0811000000000  -4.4652000000000
H117    5.1436000000000  -1.8575000000000   1.5527000000000
H118    5.6786000000000  -2.1046000000000  -0.7980000000000
H119    5.1701000000000  -0.2064000000000  -2.4275000000000
H120    4.6898000000000   7.4826000000000   0.9654000000000
H121    7.0342000000000   6.9360000000000   0.6709000000000
H122    7.7695000000000   4.4948000000000   0.5438000000000
H123    2.3127000000000   4.3488000000000   5.7505000000000
H124    1.0700000000000   2.3907000000000   6.4575000000000
H125    0.7168000000000   0.4519000000000   4.8334000000000
H126    4.3668000000000  -5.1223000000000   4.3170000000000
H127    3.0335000000000  -5.7533000000000   2.3337000000000
H128    1.6086000000000  -1.7059000000000   1.9841000000000
H129    2.9046000000000  -1.0973000000000   4.0117000000000
H130    4.2927000000000  -2.7816000000000   5.1653000000000
H131    1.6291000000000  -5.3044000000000   0.6326000000000
H132    2.4306000000000  -3.2350000000000  -4.2114000000000
H133    4.8225000000000  -3.2011000000000  -5.0276000000000
H134    6.5867000000000  -4.2509000000000  -3.5853000000000
H135    5.9084000000000  -5.3009000000000  -1.4237000000000
H136   -0.7752000000000  -2.2928000000000   1.6746000000000
H137   -0.7061000000000  -2.5508000000000   4.1038000000000
H138   -0.4002000000000  -5.1875000000000   4.7444000000000
H139   -0.2682000000000  -6.5011000000000   2.3849000000000
H140   -0.8404000000000  -4.6511000000000   0.5050000000000
S141    1.2439000000000  -0.2336000000000  -2.2144000000000
O142    2.2375000000000  -1.2437000000000  -2.6040000000000
C143   -0.1884000000000  -0.4719000000000  -3.4144000000000
O144    1.5771000000000   1.1850000000000  -2.3993000000000
F145   -1.0300000000000  -1.4060000000000  -2.9868000000000
F146   -0.8588000000000   0.6765000000000  -3.5692000000000
F147    0.3077000000000  -0.8381000000000  -4.6052000000000
H148    1.2883000000000  -2.5115000000000  -0.4132000000000
&
