MAEFILE: Toru-SiPh3-NTf-Type-II-E-Sulfonyl-2-chkp-scan-unrestrained.1-SPE.mae
&gen
epsout=2.38
radprb=2.76
solvent=other
isolv=2
basis=6-31G**
gdftgrad=-13
gdftmed=-13
gdftfine=-13
dftname=M06-2X
iacc=1
&
entry_name: Toru-SiPh3-NTf-Type-II-E-Sulfonyl-2-chkp-scan-unrestrained.1
&zmat
C1      3.3705000000000   4.7831000000000   1.1646000000000
C2      3.6033000000000   3.3220000000000   0.9802000000000
C3      4.3999000000000   5.6375000000000   1.1839000000000
C4      4.8666000000000   2.8868000000000   0.7745000000000
C5      2.4733000000000   2.3382000000000   0.9805000000000
C6      5.9999000000000   3.8410000000000   0.8047000000000
C7      5.1202000000000   1.4701000000000   0.4601000000000
C8      5.7773000000000   5.1434000000000   1.0062000000000
C9      2.7080000000000   1.0557000000000   0.6008000000000
C10     1.0943000000000   2.7870000000000   1.3130000000000
C11     4.1025000000000   0.6101000000000   0.3262000000000
O12     1.7237000000000   0.0965000000000   0.6648000000000
Si13    4.4149000000000  -1.1392000000000  -0.2369000000000
C14     0.7725000000000   3.3862000000000   2.4803000000000
C15     0.0660000000000   2.6681000000000   0.2494000000000
C16    -0.5409000000000   4.0686000000000   2.6112000000000
C17     1.6878000000000   3.4252000000000   3.6466000000000
C18    -1.3925000000000   4.1034000000000   1.5749000000000
C19    -0.8566000000000   4.7521000000000   3.8811000000000
C20    -1.0781000000000   3.3808000000000   0.3207000000000
Si21   -2.2886000000000   3.4323000000000  -1.1103000000000
O22     0.2841000000000   1.7874000000000  -0.7796000000000
C23     1.3305000000000   4.0619000000000   4.7681000000000
C24     0.0243000000000   4.7462000000000   4.8880000000000
P25     0.3956000000000   0.2357000000000  -0.2813000000000
O26     0.4586000000000  -0.6403000000000  -1.4936000000000
N27    -0.8649000000000   0.0404000000000   0.7263000000000
C28     6.2270000000000  -1.5137000000000  -0.4287000000000
C29     3.6442000000000  -2.2377000000000   1.0504000000000
C30     3.6765000000000  -1.3833000000000  -1.9262000000000
C31    -3.6458000000000   2.1800000000000  -0.9001000000000
C32    -3.1492000000000   5.0832000000000  -1.1777000000000
C33    -1.3113000000000   3.1467000000000  -2.6747000000000
C34     6.9509000000000  -0.8532000000000  -1.3486000000000
C35     6.8739000000000  -2.5765000000000   0.3796000000000
C36     2.6303000000000  -3.0656000000000   0.7519000000000
C37     4.1243000000000  -2.1501000000000   2.4504000000000
C38     3.6927000000000  -2.5974000000000  -2.5002000000000
C39     3.1359000000000  -0.2271000000000  -2.6841000000000
C40    -3.7699000000000   1.4713000000000   0.2337000000000
C41    -4.6662000000000   2.0331000000000  -1.9661000000000
C42    -2.8888000000000   5.9776000000000  -2.1473000000000
C43    -4.1948000000000   5.3914000000000  -0.1707000000000
C44    -1.5875000000000   2.1273000000000  -3.5056000000000
C45    -0.1363000000000   4.0105000000000  -2.9515000000000
C46     8.3863000000000  -1.1552000000000  -1.5254000000000
C47     8.9684000000000  -2.1022000000000  -0.7808000000000
C48     8.1740000000000  -2.8507000000000   0.2139000000000
C49     2.0339000000000  -3.9199000000000   1.8001000000000
C50     2.4831000000000  -3.8501000000000   3.0584000000000
C51     3.5764000000000  -2.9178000000000   3.4004000000000
C52     3.1177000000000  -2.7910000000000  -3.8477000000000
C53     2.5949000000000  -1.7526000000000  -4.5099000000000
C54     2.6139000000000  -0.4065000000000  -3.9038000000000
C55    -4.8957000000000   0.5272000000000   0.3998000000000
C56    -5.7962000000000   0.3770000000000  -0.5780000000000
C57    -5.6772000000000   1.1689000000000  -1.8179000000000
C58    -3.6034000000000   7.2710000000000  -2.1797000000000
C59    -4.5288000000000   7.5505000000000  -1.2550000000000
C60    -4.8435000000000   6.5616000000000  -0.2053000000000
C61    -0.7543000000000   1.8987000000000  -4.7050000000000
C62     0.2964000000000   2.6884000000000  -4.9538000000000
C63     0.6248000000000   3.7915000000000  -4.0301000000000
C64    -0.7553000000000  -5.3107000000000  -4.1187000000000
C65    -1.8300000000000  -4.8056000000000  -3.3874000000000
C66    -1.6394000000000  -4.3170000000000  -2.0841000000000
C67    -0.3487000000000  -4.3190000000000  -1.5286000000000
C68     0.7152000000000  -4.8368000000000  -2.2602000000000
C69     0.5178000000000  -5.3328000000000  -3.5526000000000
C70    -2.8350000000000  -3.8552000000000  -1.3475000000000
N71    -2.8851000000000  -3.9418000000000   0.0248000000000
S72    -4.4611000000000  -4.0359000000000   0.7086000000000
O73    -5.2573000000000  -2.8990000000000   0.2220000000000
O74    -4.9576000000000  -5.3892000000000   0.4559000000000
C75    -4.0929000000000  -3.7908000000000   2.4600000000000
C76    -4.8754000000000  -2.8928000000000   3.1770000000000
C77    -4.5831000000000  -2.7662000000000   4.5339000000000
C78    -3.5359000000000  -3.5123000000000   5.0717000000000
C79    -2.8187000000000  -4.3725000000000   4.2373000000000
N80    -3.1015000000000  -4.5264000000000   2.9391000000000
N81    -1.8757000000000  -1.4574000000000  -2.5044000000000
C82    -2.1014000000000  -1.4382000000000  -3.8140000000000
C83    -3.4635000000000  -1.7335000000000  -4.0709000000000
C84    -4.0564000000000  -1.9408000000000  -2.8406000000000
C85    -3.0341000000000  -1.8706000000000  -1.8332000000000
H86     2.3693000000000   5.1785000000000   1.2652000000000
H87     4.2233000000000   6.6972000000000   1.3166000000000
H88     7.0132000000000   3.4875000000000   0.6592000000000
H89     6.1396000000000   1.1538000000000   0.2912000000000
H90     6.6056000000000   5.8400000000000   1.0253000000000
H91     2.6471000000000   2.9244000000000   3.6144000000000
H92    -2.3298000000000   4.6309000000000   1.6720000000000
H93    -1.8029000000000   5.2651000000000   4.0050000000000
H94     2.0084000000000   4.0751000000000   5.6120000000000
H95    -0.2207000000000   5.2513000000000   5.8135000000000
H96     6.4957000000000  -0.0905000000000  -1.9688000000000
H97     6.3039000000000  -3.1474000000000   1.0985000000000
H98     2.2238000000000  -3.1091000000000  -0.2461000000000
H99     4.9215000000000  -1.4643000000000   2.7094000000000
H100    4.1150000000000  -3.4496000000000  -1.9820000000000
H101    3.1514000000000   0.7672000000000  -2.2583000000000
H102   -3.0705000000000   1.5964000000000   1.0487000000000
H103   -4.5967000000000   2.6242000000000  -2.8708000000000
H104   -2.1624000000000   5.7760000000000  -2.9196000000000
H105   -4.4513000000000   4.6647000000000   0.5898000000000
H106   -2.4024000000000   1.4479000000000  -3.3081000000000
H107    0.1186000000000   4.8150000000000  -2.2727000000000
H108    8.9646000000000  -0.6089000000000  -2.2592000000000
H109   10.0195000000000  -2.3258000000000  -0.9097000000000
H110    8.6446000000000  -3.6273000000000   0.8029000000000
H111    1.2286000000000  -4.5978000000000   1.5485000000000
H112    2.0427000000000  -4.4703000000000   3.8282000000000
H113    3.9294000000000  -2.8539000000000   4.4214000000000
H114    3.1176000000000  -3.7759000000000  -4.2954000000000
H115    2.1680000000000  -1.8943000000000  -5.4942000000000
H116    2.2104000000000   0.4351000000000  -4.4508000000000
H117   -4.9934000000000  -0.0403000000000   1.3155000000000
H118   -6.6186000000000  -0.3163000000000  -0.4584000000000
H119   -6.4158000000000   1.0570000000000  -2.6009000000000
H120   -3.3763000000000   7.9913000000000  -2.9551000000000
H121   -5.0534000000000   8.4969000000000  -1.2787000000000
H122   -5.6069000000000   6.7817000000000   0.5297000000000
H123   -0.9941000000000   1.0891000000000  -5.3812000000000
H124    0.9097000000000   2.5180000000000  -5.8292000000000
H125    1.4838000000000   4.4200000000000  -4.2259000000000
H126   -0.9178000000000  -5.6969000000000  -5.1203000000000
H127   -2.8269000000000  -4.8119000000000  -3.8172000000000
H128   -0.1801000000000  -3.9181000000000  -0.5358000000000
H129    1.7070000000000  -4.8598000000000  -1.8217000000000
H130    1.3556000000000  -5.7371000000000  -4.1125000000000
H131   -3.7570000000000  -4.2077000000000  -1.7979000000000
H132   -5.6437000000000  -2.3104000000000   2.6847000000000
H133   -5.1515000000000  -2.0806000000000   5.1541000000000
H134   -3.2687000000000  -3.4270000000000   6.1196000000000
H135   -1.9889000000000  -4.9606000000000   4.6203000000000
H136   -0.9555000000000  -1.2085000000000  -2.0601000000000
H137   -1.3026000000000  -1.2240000000000  -4.5110000000000
H138   -3.9240000000000  -1.7807000000000  -5.0471000000000
H139   -5.0900000000000  -2.1784000000000  -2.6284000000000
H140   -3.1929000000000  -1.5136000000000  -0.8237000000000
S141   -1.2272000000000  -1.1509000000000   1.6703000000000
O142   -0.7338000000000  -2.4896000000000   1.2320000000000
C143   -0.3302000000000  -0.8436000000000   3.2859000000000
O144   -2.6450000000000  -1.0986000000000   2.0532000000000
F145    0.9883000000000  -0.9970000000000   3.1587000000000
F146   -0.5796000000000   0.4017000000000   3.7118000000000
F147   -0.7757000000000  -1.7104000000000   4.2089000000000
H148   -2.1324000000000  -3.5440000000000   0.6110000000000
&
