MAEFILE: Toru-SiPh3-Type-II-E-1-scan-unrestrained-IRC-min-disp-optimise-SPE.mae
&gen
epsout=2.38
radprb=2.76
solvent=other
isolv=2
basis=6-31G**
gdftgrad=-13
gdftmed=-13
gdftfine=-13
dftname=M06-2X
iacc=1
&
entry_name: Toru-SiPh3-Type-II-E-1-scan-unrestrained-IRC-min-disp-optimise.1
&zmat
C1     -0.8727000000000   5.1229000000000   1.6387000000000
C2     -1.6989000000000   4.0099000000000   1.0949000000000
C3     -1.3989000000000   5.9940000000000   2.5074000000000
C4     -2.9715000000000   3.8670000000000   1.5276000000000
C5     -1.1367000000000   3.0199000000000   0.1270000000000
C6     -3.5462000000000   4.8409000000000   2.4845000000000
C7     -3.7908000000000   2.7346000000000   1.0549000000000
C8     -2.8006000000000   5.8512000000000   2.9443000000000
C9     -1.8493000000000   1.9201000000000  -0.1883000000000
C10     0.2021000000000   3.2161000000000  -0.4849000000000
C11    -3.2719000000000   1.8088000000000   0.2342000000000
O12    -1.2817000000000   0.9406000000000  -0.9611000000000
Si13   -4.3837000000000   0.4311000000000  -0.3601000000000
C14     0.4894000000000   4.3092000000000  -1.2311000000000
C15     1.2657000000000   2.1985000000000  -0.2261000000000
C16     1.8902000000000   4.5664000000000  -1.6447000000000
C17    -0.5397000000000   5.2917000000000  -1.6607000000000
C18     2.8653000000000   3.7272000000000  -1.2792000000000
C19     2.1883000000000   5.7830000000000  -2.4269000000000
C20     2.5542000000000   2.4999000000000  -0.5116000000000
Si21    3.9724000000000   1.3719000000000  -0.0404000000000
O22     0.9602000000000   1.0428000000000   0.4573000000000
C23    -0.1959000000000   6.3713000000000  -2.3729000000000
C24     1.2070000000000   6.6271000000000  -2.7625000000000
P25    -0.1501000000000   0.0437000000000  -0.2034000000000
O26    -0.7859000000000  -0.5531000000000   1.1077000000000
O27     0.3771000000000  -0.9482000000000  -1.1769000000000
C28    -4.6394000000000  -0.7839000000000   1.0339000000000
C29    -6.0104000000000   1.2295000000000  -0.8149000000000
C30    -3.6881000000000  -0.4145000000000  -1.8758000000000
C31     3.9328000000000   0.9940000000000   1.7935000000000
C32     3.8963000000000  -0.1341000000000  -1.1452000000000
C33     5.5821000000000   2.2545000000000  -0.3283000000000
C34    -4.0448000000000  -0.6038000000000   2.2269000000000
C35    -5.5458000000000  -1.9438000000000   0.8448000000000
C36    -6.0412000000000   2.2358000000000  -1.7065000000000
C37    -7.2746000000000   0.8148000000000  -0.1542000000000
C38    -3.3472000000000   0.3062000000000  -2.9595000000000
C39    -3.4927000000000  -1.8854000000000  -1.9014000000000
C40     3.0447000000000   1.5940000000000   2.6089000000000
C41     4.9710000000000   0.1176000000000   2.3920000000000
C42     4.7387000000000  -1.1674000000000  -0.9745000000000
C43     2.9770000000000  -0.1443000000000  -2.3114000000000
C44     5.9082000000000   3.3098000000000   0.4368000000000
C45     6.5084000000000   1.8179000000000  -1.4019000000000
C46    -4.3172000000000  -1.5320000000000   3.3439000000000
C47    -5.1495000000000  -2.5653000000000   3.1703000000000
C48    -5.7868000000000  -2.7858000000000   1.8569000000000
C49    -7.3205000000000   2.8839000000000  -2.0618000000000
C50    -8.4574000000000   2.4866000000000  -1.4810000000000
C51    -8.4316000000000   1.4072000000000  -0.4752000000000
C52    -2.7882000000000  -0.3560000000000  -4.1561000000000
C53    -2.6261000000000  -1.6828000000000  -4.1736000000000
C54    -3.0023000000000  -2.4844000000000  -2.9944000000000
C55     3.0357000000000   1.2989000000000   4.0566000000000
C56     3.9374000000000   0.4594000000000   4.5751000000000
C57     4.9622000000000  -0.1470000000000   3.7044000000000
C58     4.6936000000000  -2.3310000000000  -1.8838000000000
C59     3.8447000000000  -2.3424000000000  -2.9158000000000
C60     2.9534000000000  -1.1898000000000  -3.1470000000000
C61     7.1837000000000   4.0226000000000   0.2172000000000
C62     8.0183000000000   3.6211000000000  -0.7486000000000
C63     7.6630000000000   2.4666000000000  -1.5984000000000
C64     1.6906000000000  -6.4400000000000  -3.4495000000000
C65     1.4036000000000  -6.0278000000000  -2.1470000000000
C66     0.9320000000000  -4.7348000000000  -1.8982000000000
C67     0.7569000000000  -3.8543000000000  -2.9754000000000
C68     1.0425000000000  -4.2672000000000  -4.2760000000000
C69     1.5066000000000  -5.5618000000000  -4.5176000000000
C70     0.6214000000000  -4.2987000000000  -0.4687000000000
N71     1.5826000000000  -3.3142000000000   0.0107000000000
S72     2.4664000000000  -3.5435000000000   1.3965000000000
O73     2.7847000000000  -4.9673000000000   1.4787000000000
O74     3.4925000000000  -2.5001000000000   1.3939000000000
C75     1.3930000000000  -3.1413000000000   2.8176000000000
C76     1.3362000000000  -1.8148000000000   3.2447000000000
C77     0.4987000000000  -1.5219000000000   4.3177000000000
C78    -0.2229000000000  -2.5590000000000   4.9090000000000
C79    -0.0815000000000  -3.8491000000000   4.3942000000000
N80     0.7093000000000  -4.1444000000000   3.3549000000000
N81    -1.2210000000000  -3.1419000000000   0.8592000000000
C82    -2.2129000000000  -3.8069000000000   1.3599000000000
C83    -2.6401000000000  -4.9269000000000   0.5317000000000
C84    -1.8409000000000  -4.9142000000000  -0.5550000000000
C85    -0.8632000000000  -3.7894000000000  -0.4029000000000
H86     0.1642000000000   5.2342000000000   1.3511000000000
H87    -0.7941000000000   6.8011000000000   2.9003000000000
H88    -4.5717000000000   4.7371000000000   2.8167000000000
H89    -4.8211000000000   2.6616000000000   1.3830000000000
H90    -3.2206000000000   6.5615000000000   3.6448000000000
H91    -1.5851000000000   5.1419000000000  -1.4240000000000
H92     3.8851000000000   3.9346000000000  -1.5760000000000
H93     3.2049000000000   6.0016000000000  -2.7319000000000
H94    -0.9611000000000   7.0727000000000  -2.6801000000000
H95     1.4399000000000   7.5153000000000  -3.3357000000000
H96     1.4986000000000  -2.3553000000000  -0.3333000000000
H97    -3.3734000000000   0.2252000000000   2.4015000000000
H98    -6.0261000000000  -2.1078000000000  -0.1118000000000
H99    -5.1351000000000   2.6071000000000  -2.1617000000000
H100   -7.2782000000000   0.0487000000000   0.6058000000000
H101   -3.4370000000000   1.3822000000000  -2.9651000000000
H102   -3.7295000000000  -2.4888000000000  -1.0391000000000
H103    2.3312000000000   2.3130000000000   2.2365000000000
H104    5.7675000000000  -0.2857000000000   1.7873000000000
H105    5.4739000000000  -1.1666000000000  -0.1884000000000
H106    2.3236000000000   0.6949000000000  -2.5065000000000
H107    5.2443000000000   3.6525000000000   1.2211000000000
H108    6.2574000000000   0.9831000000000  -2.0416000000000
H109   -3.8397000000000  -1.3744000000000   4.3024000000000
H110   -5.3478000000000  -3.2471000000000   3.9869000000000
H111   -6.4513000000000  -3.6284000000000   1.7161000000000
H112   -7.3340000000000   3.6831000000000  -2.7915000000000
H113   -9.3952000000000   2.9616000000000  -1.7385000000000
H114   -9.3500000000000   1.1046000000000   0.0112000000000
H115   -2.5072000000000   0.2367000000000  -5.0169000000000
H116   -2.2133000000000  -2.1701000000000  -5.0474000000000
H117   -2.8616000000000  -3.5573000000000  -3.0102000000000
H118    2.2926000000000   1.7595000000000   4.6947000000000
H119    3.9296000000000   0.2384000000000   5.6345000000000
H120    5.7231000000000  -0.7849000000000   4.1350000000000
H121    5.3548000000000  -3.1711000000000  -1.7155000000000
H122    3.8143000000000  -3.1918000000000  -3.5856000000000
H123    2.2804000000000  -1.1925000000000  -3.9946000000000
H124    7.4405000000000   4.8698000000000   0.8397000000000
H125    8.9529000000000   4.1422000000000  -0.9110000000000
H126    8.3370000000000   2.1500000000000  -2.3838000000000
H127    2.0605000000000  -7.4456000000000  -3.6272000000000
H128    1.5611000000000  -6.7089000000000  -1.3149000000000
H129    0.4305000000000  -2.8334000000000  -2.7968000000000
H130    0.9093000000000  -3.5722000000000  -5.1001000000000
H131    1.7294000000000  -5.8813000000000  -5.5315000000000
H132    0.7146000000000  -5.1653000000000   0.1895000000000
H133    1.9230000000000  -1.0582000000000   2.7428000000000
H134    0.4133000000000  -0.5034000000000   4.6835000000000
H135   -0.8812000000000  -2.3772000000000   5.7526000000000
H136   -0.6253000000000  -4.6832000000000   4.8332000000000
H137   -0.9204000000000  -1.5793000000000   1.0661000000000
H138   -2.6508000000000  -3.5217000000000   2.3102000000000
H139   -3.4422000000000  -5.6142000000000   0.7672000000000
H140   -1.8455000000000  -5.6029000000000  -1.3897000000000
H141   -0.9641000000000  -3.0309000000000  -1.1861000000000
&
