MAEFILE: Toru-SiPh3-Type-I-E-8-chkp-scan-unrestrained-208-SPE.mae
&gen
epsout=2.38
radprb=2.76
solvent=other
isolv=2
basis=6-31G**
gdftgrad=-13
gdftmed=-13
gdftfine=-13
dftname=M06-2X
iacc=1
&
entry_name: Toru-SiPh3-Type-I-E-8-chkp-scan-unrestrained-208.mol2
&zmat
C1      0.9440000000000   5.3192000000000  -0.5667000000000
C2      1.7396000000000   4.0611000000000  -0.4905000000000
C3      1.5088000000000   6.4533000000000  -0.9965000000000
C4      3.0235000000000   4.0764000000000  -0.9068000000000
C5      1.1357000000000   2.7788000000000  -0.0149000000000
C6      3.6415000000000   5.3390000000000  -1.3754000000000
C7      3.8140000000000   2.8342000000000  -0.9099000000000
C8      2.9234000000000   6.4659000000000  -1.4123000000000
C9      1.8243000000000   1.6178000000000  -0.1521000000000
C10    -0.2431000000000   2.7635000000000   0.5300000000000
C11     3.2649000000000   1.6661000000000  -0.5429000000000
O12     1.2696000000000   0.4200000000000   0.2430000000000
Si13    4.3231000000000   0.1257000000000  -0.5408000000000
C14    -0.6074000000000   3.4551000000000   1.6333000000000
C15    -1.2603000000000   1.9941000000000  -0.2250000000000
C16    -2.0430000000000   3.5323000000000   2.0053000000000
C17     0.3656000000000   4.1605000000000   2.5035000000000
C18    -2.9689000000000   2.9240000000000   1.2519000000000
C19    -2.4242000000000   4.3180000000000   3.1952000000000
C20    -2.5688000000000   2.1227000000000   0.0731000000000
Si21   -3.9211000000000   1.2863000000000  -0.9022000000000
O22    -0.8337000000000   1.1489000000000  -1.2149000000000
C23    -0.0537000000000   4.8491000000000   3.5717000000000
C24    -1.4877000000000   4.9350000000000   3.9243000000000
P25    -0.0247000000000  -0.1514000000000  -0.6173000000000
O26     0.4097000000000  -0.9737000000000  -1.8021000000000
O27    -0.9148000000000  -0.8283000000000   0.4210000000000
C28     3.6336000000000  -1.0246000000000  -1.8260000000000
C29     6.0823000000000   0.5345000000000  -0.9913000000000
C30     4.4354000000000  -0.6102000000000   1.1641000000000
C31    -4.6139000000000  -0.1289000000000   0.0954000000000
C32    -5.2278000000000   2.5859000000000  -1.1955000000000
C33    -3.2817000000000   0.6486000000000  -2.5384000000000
C34     3.5108000000000  -2.3441000000000  -1.6086000000000
C35     3.2865000000000  -0.4699000000000  -3.1573000000000
C36     6.8188000000000   1.3045000000000  -0.1720000000000
C37     6.6975000000000  -0.0106000000000  -2.2266000000000
C38     5.1853000000000  -1.7054000000000   1.3761000000000
C39     3.8265000000000   0.0868000000000   2.3237000000000
C40    -4.1104000000000  -0.4442000000000   1.3018000000000
C41    -5.7333000000000  -0.9317000000000  -0.4556000000000
C42    -4.8805000000000   3.7827000000000  -1.7012000000000
C43    -6.6429000000000   2.3493000000000  -0.8119000000000
C44    -2.8073000000000   1.4945000000000  -3.4699000000000
C45    -3.2059000000000  -0.8113000000000  -2.7877000000000
C46     3.0757000000000  -3.2380000000000  -2.7022000000000
C47     2.7580000000000  -2.7319000000000  -3.8990000000000
C48     2.8635000000000  -1.2789000000000  -4.1361000000000
C49     8.2210000000000   1.6238000000000  -0.5104000000000
C50     8.7676000000000   1.1376000000000  -1.6306000000000
C51     7.9695000000000   0.2785000000000  -2.5285000000000
C52     5.3447000000000  -2.2483000000000   2.7409000000000
C53     4.7797000000000  -1.6242000000000   3.7803000000000
C54     3.9975000000000  -0.3915000000000   3.5628000000000
C55    -4.6821000000000  -1.5650000000000   2.0770000000000
C56    -5.7032000000000  -2.2728000000000   1.5813000000000
C57    -6.2563000000000  -1.9386000000000   0.2543000000000
C58    -5.9014000000000   4.8273000000000  -1.9230000000000
C59    -7.1781000000000   4.5961000000000  -1.5998000000000
C60    -7.5648000000000   3.2999000000000  -1.0099000000000
C61    -2.2272000000000   0.9749000000000  -4.7262000000000
C62    -2.1587000000000  -0.3438000000000  -4.9389000000000
C63    -2.6707000000000  -1.2807000000000  -3.9206000000000
C64    -3.4735000000000  -6.4830000000000  -0.1224000000000
C65    -2.2949000000000  -6.0386000000000   0.4673000000000
C66    -1.9358000000000  -4.6813000000000   0.4201000000000
C67    -2.7690000000000  -3.7728000000000  -0.2510000000000
C68    -3.9390000000000  -4.2289000000000  -0.8588000000000
C69    -4.2972000000000  -5.5756000000000  -0.7916000000000
C70    -0.6945000000000  -4.2728000000000   1.1062000000000
N71    -0.6017000000000  -3.0263000000000   1.6544000000000
S72     0.6204000000000  -2.7745000000000   2.8266000000000
O73     0.4834000000000  -3.8538000000000   3.8146000000000
O74     1.9100000000000  -2.5567000000000   2.1699000000000
C75    -0.0234000000000  -1.2191000000000   3.5222000000000
C76    -1.3431000000000  -1.1810000000000   3.9708000000000
C77    -1.7979000000000   0.0315000000000   4.4824000000000
C78    -0.9171000000000   1.1121000000000   4.5371000000000
C79     0.3899000000000   0.9358000000000   4.0827000000000
N80     0.8348000000000  -0.2187000000000   3.5746000000000
N81     0.2574000000000  -3.5807000000000  -1.4320000000000
C82    -0.1694000000000  -4.3906000000000  -2.4003000000000
C83     0.1231000000000  -5.7337000000000  -2.0658000000000
C84     0.7627000000000  -5.7016000000000  -0.8391000000000
C85     0.7787000000000  -4.3472000000000  -0.3835000000000
H86    -0.1019000000000   5.3324000000000  -0.2918000000000
H87     0.9256000000000   7.3636000000000  -1.0506000000000
H88     4.6773000000000   5.3536000000000  -1.6914000000000
H89     4.8447000000000   2.8890000000000  -1.2300000000000
H90     3.3751000000000   7.3874000000000  -1.7562000000000
H91     1.4278000000000   4.1123000000000   2.3008000000000
H92    -4.0175000000000   2.9965000000000   1.5164000000000
H93    -3.4647000000000   4.3996000000000   3.4860000000000
H94     0.6712000000000   5.3516000000000   4.1992000000000
H95    -1.7809000000000   5.5060000000000   4.7958000000000
H96    -0.7844000000000  -2.1123000000000   1.0707000000000
H97     3.7455000000000  -2.7809000000000  -0.6503000000000
H98     3.3741000000000   0.5932000000000  -3.3438000000000
H99     6.3958000000000   1.7037000000000   0.7418000000000
H100    6.1306000000000  -0.6476000000000  -2.8913000000000
H101    5.6996000000000  -2.1937000000000   0.5578000000000
H102    3.2618000000000   0.9983000000000   2.1848000000000
H103   -3.2853000000000   0.1087000000000   1.7286000000000
H104   -6.1330000000000  -0.7053000000000  -1.4362000000000
H105   -3.8495000000000   4.0146000000000  -1.9292000000000
H106   -6.9458000000000   1.4206000000000  -0.3541000000000
H107   -2.8046000000000   2.5611000000000  -3.3072000000000
H108   -3.5622000000000  -1.5090000000000  -2.0499000000000
H109    3.0074000000000  -4.3040000000000  -2.5291000000000
H110    2.4284000000000  -3.3860000000000  -4.6957000000000
H111    2.6076000000000  -0.8716000000000  -5.1055000000000
H112    8.8044000000000   2.2514000000000   0.1509000000000
H113    9.7950000000000   1.3697000000000  -1.8797000000000
H114    8.4178000000000  -0.1195000000000  -3.4298000000000
H115    5.9279000000000  -3.1463000000000   2.8980000000000
H116    4.9004000000000  -2.0162000000000   4.7818000000000
H117    3.5637000000000   0.1247000000000   4.4094000000000
H118   -4.2774000000000  -1.8088000000000   3.0497000000000
H119   -6.1220000000000  -3.0938000000000   2.1485000000000
H120   -7.0739000000000  -2.5212000000000  -0.1499000000000
H121   -5.6120000000000   5.7812000000000  -2.3448000000000
H122   -7.9272000000000   5.3608000000000  -1.7597000000000
H123   -8.5949000000000   3.1248000000000  -0.7271000000000
H124   -1.8474000000000   1.6648000000000  -5.4687000000000
H125   -1.7265000000000  -0.7262000000000  -5.8545000000000
H126   -2.6088000000000  -2.3478000000000  -4.0906000000000
H127   -3.7472000000000  -7.5319000000000  -0.0624000000000
H128   -1.6478000000000  -6.7440000000000   0.9815000000000
H129   -2.5021000000000  -2.7207000000000  -0.2816000000000
H130   -4.5807000000000  -3.5350000000000  -1.3899000000000
H131   -5.2153000000000  -5.9166000000000  -1.2606000000000
H132   -0.2533000000000  -5.0494000000000   1.7280000000000
H133   -1.9780000000000  -2.0559000000000   3.9090000000000
H134   -2.8210000000000   0.1295000000000   4.8316000000000
H135   -1.2324000000000   2.0717000000000   4.9327000000000
H136    1.1116000000000   1.7477000000000   4.1247000000000
H137    0.2861000000000  -2.5158000000000  -1.5174000000000
H138   -0.6488000000000  -3.9913000000000  -3.2839000000000
H139   -0.1233000000000  -6.5995000000000  -2.6632000000000
H140    1.1325000000000  -6.5461000000000  -0.2729000000000
H141    1.5309000000000  -3.8981000000000   0.2547000000000
&
