MAEFILE: B3LYP-SPE-Toru-SiPh3-Type-I-E-7-scan-unrestrained-lower.mae
&gen
epsout=2.38
radprb=2.76
isolv=2
solvent=other
basis=6-31G**
gdftgrad=-13
gdftmed=-13
rsinglet=0
gdftfine=-13
dftname=B3LYP
iacc=1
&
entry_name: Toru-SiPh3-Type-I-E-7-scan-unrestrained-lower.1
&zmat
C1      0.9384000000000   5.3147000000000  -0.5811000000000
C2      1.7359000000000   4.0581000000000  -0.5009000000000
C3      1.5010000000000   6.4479000000000  -1.0163000000000
C4      3.0194000000000   4.0736000000000  -0.9186000000000
C5      1.1340000000000   2.7768000000000  -0.0208000000000
C6      3.6350000000000   5.3352000000000  -1.3931000000000
C7      3.8118000000000   2.8326000000000  -0.9170000000000
C8      2.9150000000000   6.4608000000000  -1.4339000000000
C9      1.8233000000000   1.6161000000000  -0.1564000000000
C10    -0.2440000000000   2.7614000000000   0.5261000000000
C11     3.2643000000000   1.6651000000000  -0.5458000000000
O12     1.2688000000000   0.4183000000000   0.2391000000000
Si13    4.3254000000000   0.1268000000000  -0.5350000000000
C14    -0.6072000000000   3.4556000000000   1.6282000000000
C15    -1.2615000000000   1.9899000000000  -0.2262000000000
C16    -2.0421000000000   3.5303000000000   2.0037000000000
C17     0.3662000000000   4.1659000000000   2.4941000000000
C18    -2.9684000000000   2.9169000000000   1.2548000000000
C19    -2.4223000000000   4.3188000000000   3.1921000000000
C20    -2.5695000000000   2.1159000000000   0.0753000000000
Si21   -3.9219000000000   1.2807000000000  -0.9007000000000
O22    -0.8355000000000   1.1463000000000  -1.2180000000000
C23    -0.0521000000000   4.8566000000000   3.5613000000000
C24    -1.4855000000000   4.9402000000000   3.9171000000000
P25    -0.0246000000000  -0.1538000000000  -0.6223000000000
O26     0.4118000000000  -0.9756000000000  -1.8067000000000
O27    -0.9150000000000  -0.8317000000000   0.4149000000000
C28     3.6435000000000  -1.0270000000000  -1.8211000000000
C29     6.0857000000000   0.5385000000000  -0.9786000000000
C30     4.4308000000000  -0.6043000000000   1.1726000000000
C31    -4.6016000000000  -0.1502000000000   0.0830000000000
C32    -5.2403000000000   2.5729000000000  -1.1736000000000
C33    -3.2841000000000   0.6684000000000  -2.5469000000000
C34     3.5236000000000  -2.3466000000000  -1.6027000000000
C35     3.2995000000000  -0.4747000000000  -3.1541000000000
C36     6.8164000000000   1.3132000000000  -0.1585000000000
C37     6.7077000000000  -0.0081000000000  -2.2099000000000
C38     5.1808000000000  -1.6981000000000   1.3913000000000
C39     3.8158000000000   0.0955000000000   2.3274000000000
C40    -4.1001000000000  -0.4683000000000   1.2894000000000
C41    -5.7108000000000  -0.9602000000000  -0.4781000000000
C42    -4.9042000000000   3.7802000000000  -1.6616000000000
C43    -6.6528000000000   2.3177000000000  -0.7925000000000
C44    -2.8247000000000   1.5304000000000  -3.4711000000000
C45    -3.1909000000000  -0.7877000000000  -2.8122000000000
C46     3.0936000000000  -3.2426000000000  -2.6966000000000
C47     2.7779000000000  -2.7386000000000  -3.8948000000000
C48     2.8811000000000  -1.2856000000000  -4.1332000000000
C49     8.2189000000000   1.6362000000000  -0.4921000000000
C50     8.7716000000000   1.1487000000000  -1.6088000000000
C51     7.9800000000000   0.2845000000000  -2.5075000000000
C52     5.3344000000000  -2.2367000000000   2.7585000000000
C53     4.7638000000000  -1.6103000000000   3.7934000000000
C54     3.9812000000000  -0.3792000000000   3.5687000000000
C55    -4.6637000000000  -1.6003000000000   2.0544000000000
C56    -5.6753000000000  -2.3151000000000   1.5495000000000
C57    -6.2264000000000  -1.9774000000000   0.2226000000000
C58    -5.9346000000000   4.8191000000000  -1.8659000000000
C59    -7.2088000000000   4.5717000000000  -1.5447000000000
C60    -7.5834000000000   3.2630000000000  -0.9747000000000
C61    -2.2459000000000   1.0321000000000  -4.7365000000000
C62    -2.1623000000000  -0.2833000000000  -4.9642000000000
C63    -2.6558000000000  -1.2378000000000  -3.9531000000000
C64    -3.4646000000000  -6.4842000000000  -0.1339000000000
C65    -2.2932000000000  -6.0375000000000   0.4684000000000
C66    -1.9283000000000  -4.6821000000000   0.4112000000000
C67    -2.7481000000000  -3.7782000000000  -0.2823000000000
C68    -3.9101000000000  -4.2371000000000  -0.9035000000000
C69    -4.2743000000000  -5.5816000000000  -0.8264000000000
C70    -0.6933000000000  -4.2711000000000   1.1079000000000
N71    -0.6080000000000  -3.0240000000000   1.6569000000000
S72     0.6059000000000  -2.7692000000000   2.8366000000000
O73     0.4613000000000  -3.8449000000000   3.8274000000000
O74     1.9005000000000  -2.5542000000000   2.1886000000000
C75    -0.0412000000000  -1.2115000000000   3.5234000000000
C76    -1.3600000000000  -1.1762000000000   3.9747000000000
C77    -1.8193000000000   0.0378000000000   4.4788000000000
C78    -0.9428000000000   1.1222000000000   4.5251000000000
C79     0.3641000000000   0.9483000000000   4.0695000000000
N80     0.8130000000000  -0.2072000000000   3.5675000000000
N81     0.2766000000000  -3.5844000000000  -1.4239000000000
C82    -0.1394000000000  -4.4003000000000  -2.3917000000000
C83     0.1539000000000  -5.7410000000000  -2.0478000000000
C84     0.7823000000000  -5.7010000000000  -0.8157000000000
C85     0.7900000000000  -4.3442000000000  -0.3663000000000
H86    -0.1071000000000   5.3274000000000  -0.3050000000000
H87     0.9164000000000   7.3570000000000  -1.0734000000000
H88     4.6703000000000   5.3500000000000  -1.7107000000000
H89     4.8426000000000   2.8877000000000  -1.2368000000000
H90     3.3649000000000   7.3816000000000  -1.7824000000000
H91     1.4280000000000   4.1194000000000   2.2892000000000
H92    -4.0164000000000   2.9871000000000   1.5222000000000
H93    -3.4622000000000   4.3987000000000   3.4853000000000
H94     0.6730000000000   5.3623000000000   4.1858000000000
H95    -1.7779000000000   5.5131000000000   4.7876000000000
H96    -0.7875000000000  -2.1114000000000   1.0700000000000
H97     3.7564000000000  -2.7818000000000  -0.6433000000000
H98     3.3855000000000   0.5884000000000  -3.3417000000000
H99     6.3882000000000   1.7139000000000   0.7523000000000
H100    6.1455000000000  -0.6488000000000  -2.8749000000000
H101    5.6995000000000  -2.1881000000000   0.5769000000000
H102    3.2511000000000   1.0062000000000   2.1835000000000
H103   -3.2836000000000   0.0913000000000   1.7238000000000
H104   -6.1093000000000  -0.7305000000000  -1.4584000000000
H105   -3.8755000000000   4.0245000000000  -1.8872000000000
H106   -6.9471000000000   1.3790000000000  -0.3496000000000
H107   -2.8345000000000   2.5951000000000  -3.2965000000000
H108   -3.5329000000000  -1.4979000000000  -2.0795000000000
H109    3.0269000000000  -4.3086000000000  -2.5225000000000
H110    2.4516000000000  -3.3942000000000  -4.6916000000000
H111    2.6271000000000  -0.8799000000000  -5.1038000000000
H112    8.7975000000000   2.2676000000000   0.1697000000000
H113    9.7991000000000   1.3838000000000  -1.8546000000000
H114    8.4331000000000  -0.1145000000000  -3.4058000000000
H115    5.9178000000000  -3.1336000000000   2.9209000000000
H116    4.8803000000000  -1.9992000000000   4.7966000000000
H117    3.5428000000000   0.1390000000000   4.4117000000000
H118   -4.2613000000000  -1.8464000000000   3.0273000000000
H119   -6.0881000000000  -3.1442000000000   2.1093000000000
H120   -7.0365000000000  -2.5652000000000  -0.1889000000000
H121   -5.6542000000000   5.7819000000000  -2.2731000000000
H122   -7.9647000000000   5.3322000000000  -1.6918000000000
H123   -8.6115000000000   3.0743000000000  -0.6939000000000
H124   -1.8795000000000   1.7348000000000  -5.4736000000000
H125   -1.7312000000000  -0.6500000000000  -5.8868000000000
H126   -2.5799000000000  -2.3022000000000  -4.1345000000000
H127   -3.7434000000000  -7.5313000000000  -0.0657000000000
H128   -1.6566000000000  -6.7393000000000   1.0003000000000
H129   -2.4771000000000  -2.7274000000000  -0.3203000000000
H130   -4.5403000000000  -3.5466000000000  -1.4527000000000
H131   -5.1863000000000  -5.9249000000000  -1.3057000000000
H132   -0.2582000000000  -5.0465000000000   1.7355000000000
H133   -1.9903000000000  -2.0548000000000   3.9210000000000
H134   -2.8423000000000   0.1339000000000   4.8289000000000
H135   -1.2613000000000   2.0827000000000   4.9155000000000
H136    1.0827000000000   1.7633000000000   4.1056000000000
H137    0.3001000000000  -2.5201000000000  -1.5139000000000
H138   -0.6128000000000  -4.0069000000000  -3.2811000000000
H139   -0.0848000000000  -6.6106000000000  -2.6429000000000
H140    1.1488000000000  -6.5416000000000  -0.2417000000000
H141    1.5365000000000  -3.8900000000000   0.2752000000000
&
