MAEFILE: jag_Toru-SiPh3-NTf-Type-I-E-Sulfonyl-2-chkp-2-scan-unrestrained.SPE.mae
&gen
epsout=2.38
radprb=2.76
solvent=other
isolv=2
basis=6-31G**
gdftgrad=-13
gdftmed=-13
gdftfine=-13
dftname=M06-2X
iacc=1
&
entry_name: Toru-SiPh3-NTf-Type-I-E-Sulfonyl-2-chkp-2-scan-unrestrained.1
&zmat
C1      0.1545000000000  -5.9788000000000  -1.0915000000000
C2     -0.8446000000000  -4.8819000000000  -0.9695000000000
C3     -0.1768000000000  -7.1322000000000  -1.6835000000000
C4     -2.0757000000000  -5.0544000000000  -1.4974000000000
C5     -0.5007000000000  -3.5825000000000  -0.3195000000000
C6     -2.4345000000000  -6.3373000000000  -2.1457000000000
C7     -3.0737000000000  -3.9724000000000  -1.4095000000000
C8     -1.5339000000000  -7.3224000000000  -2.2300000000000
C9     -1.3540000000000  -2.5378000000000  -0.4215000000000
C10     0.7631000000000  -3.4281000000000   0.4411000000000
C11    -2.7518000000000  -2.7854000000000  -0.8716000000000
O12    -1.0165000000000  -1.3057000000000   0.0883000000000
Si13   -4.0810000000000  -1.4998000000000  -0.6144000000000
C14     1.0474000000000  -4.1725000000000   1.5348000000000
C15     1.7428000000000  -2.4208000000000  -0.0379000000000
C16     2.3876000000000  -4.0648000000000   2.1643000000000
C17     0.0725000000000  -5.1035000000000   2.1577000000000
C18     3.3051000000000  -3.2319000000000   1.6579000000000
C19     2.6906000000000  -4.9095000000000   3.3363000000000
C20     2.9797000000000  -2.3724000000000   0.4980000000000
Si21    4.3209000000000  -1.2360000000000  -0.1243000000000
O22     1.3772000000000  -1.5800000000000  -1.0567000000000
C23     0.4155000000000  -5.8320000000000   3.2267000000000
C24     1.7632000000000  -5.7380000000000   3.8284000000000
P25     0.2119000000000  -0.5055000000000  -0.6617000000000
O26    -0.2115000000000   0.1611000000000  -1.9356000000000
N27     0.8872000000000   0.4185000000000   0.4982000000000
C28    -3.7103000000000  -0.0569000000000  -1.7227000000000
C29    -5.7467000000000  -2.2047000000000  -1.0507000000000
C30    -4.2313000000000  -1.0185000000000   1.1784000000000
C31     4.5993000000000   0.1345000000000   1.1081000000000
C32     5.8524000000000  -2.2862000000000  -0.2931000000000
C33     3.8787000000000  -0.4938000000000  -1.7772000000000
C34    -3.7862000000000   1.2106000000000  -1.2839000000000
C35    -3.4288000000000  -0.3179000000000  -3.1547000000000
C36    -6.4954000000000  -1.6887000000000  -2.0405000000000
C37    -6.2719000000000  -3.3413000000000  -0.2559000000000
C38    -5.1907000000000  -0.1572000000000   1.5580000000000
C39    -3.3737000000000  -1.6490000000000   2.2130000000000
C40     3.8826000000000   0.2104000000000   2.2426000000000
C41     5.6105000000000   1.1796000000000   0.8173000000000
C42     5.7814000000000  -3.4743000000000  -0.9190000000000
C43     7.1400000000000  -1.8671000000000   0.3158000000000
C44     3.4676000000000   0.7824000000000  -1.8600000000000
C45     3.8984000000000  -1.3274000000000  -3.0048000000000
C46    -3.6702000000000   2.3313000000000  -2.2382000000000
C47    -3.4469000000000   2.0897000000000  -3.5352000000000
C48    -3.3001000000000   0.7010000000000  -4.0124000000000
C49    -7.8217000000000  -2.2652000000000  -2.3458000000000
C50    -8.2864000000000  -3.2968000000000  -1.6311000000000
C51    -7.4742000000000  -3.8597000000000  -0.5337000000000
C52    -5.3521000000000   0.2005000000000   2.9816000000000
C53    -4.5524000000000  -0.3448000000000   3.9048000000000
C54    -3.5212000000000  -1.3210000000000   3.5024000000000
C55     4.1191000000000   1.3116000000000   3.1999000000000
C56     5.0432000000000   2.2424000000000   2.9379000000000
C57     5.8270000000000   2.1715000000000   1.6896000000000
C58     6.9804000000000  -4.3285000000000  -1.0422000000000
C59     8.1423000000000  -3.9330000000000  -0.5112000000000
C60     8.2237000000000  -2.6459000000000   0.2066000000000
C61     3.0705000000000   1.3574000000000  -3.1608000000000
C62     3.0984000000000   0.6032000000000  -4.2641000000000
C63     3.5287000000000  -0.8060000000000  -4.1813000000000
C64     4.1306000000000   4.1195000000000  -1.0963000000000
C65     2.8213000000000   4.1757000000000  -0.6231000000000
C66     1.8445000000000   4.8537000000000  -1.3695000000000
C67     2.2006000000000   5.4366000000000  -2.5991000000000
C68     3.5069000000000   5.3549000000000  -3.0741000000000
C69     4.4780000000000   4.6996000000000  -2.3177000000000
C70     0.4656000000000   5.0960000000000  -0.8809000000000
N71     0.1708000000000   4.9967000000000   0.4618000000000
S72    -1.0544000000000   6.0169000000000   1.1041000000000
O73    -0.4420000000000   6.9466000000000   2.0435000000000
O74    -1.7961000000000   6.5102000000000  -0.0683000000000
C75    -2.1336000000000   4.8806000000000   2.0143000000000
C76    -3.3507000000000   4.5002000000000   1.4560000000000
C77    -4.1598000000000   3.6723000000000   2.2349000000000
C78    -3.7139000000000   3.2904000000000   3.4975000000000
C79    -2.4636000000000   3.7316000000000   3.9364000000000
N80    -1.6761000000000   4.5238000000000   3.2046000000000
N81    -0.1840000000000   2.7627000000000  -2.4838000000000
C82    -0.0838000000000   2.9628000000000  -3.7932000000000
C83    -0.6744000000000   4.2046000000000  -4.1380000000000
C84    -1.1808000000000   4.7329000000000  -2.9691000000000
C85    -0.7899000000000   3.8760000000000  -1.8764000000000
H86     1.1609000000000  -5.8541000000000  -0.7144000000000
H87     0.5529000000000  -7.9269000000000  -1.7701000000000
H88    -3.4272000000000  -6.4821000000000  -2.5537000000000
H89    -4.0741000000000  -4.1665000000000  -1.7709000000000
H90    -1.7962000000000  -8.2592000000000  -2.7046000000000
H91    -0.9345000000000  -5.1947000000000   1.7719000000000
H92     4.2877000000000  -3.1668000000000   2.1109000000000
H93     3.6660000000000  -4.8634000000000   3.8059000000000
H94    -0.3102000000000  -6.5023000000000   3.6694000000000
H95     1.9981000000000  -6.3506000000000   4.6893000000000
H96    -3.9797000000000   1.4380000000000  -0.2464000000000
H97    -3.3386000000000  -1.3351000000000  -3.5150000000000
H98    -6.1518000000000  -0.8469000000000  -2.6249000000000
H99    -5.6826000000000  -3.7581000000000   0.5515000000000
H100   -5.8621000000000   0.2820000000000   0.8304000000000
H101   -2.6384000000000  -2.3931000000000   1.9450000000000
H102    3.1235000000000  -0.5224000000000   2.4769000000000
H103    6.1776000000000   1.1453000000000  -0.1046000000000
H104    4.8445000000000  -3.8371000000000  -1.3209000000000
H105    7.2186000000000  -0.9411000000000   0.8640000000000
H106    3.3860000000000   1.3965000000000  -0.9760000000000
H107    4.1977000000000  -2.3633000000000  -2.9628000000000
H108   -3.7821000000000   3.3489000000000  -1.8870000000000
H109   -3.3721000000000   2.9103000000000  -4.2364000000000
H110   -3.1010000000000   0.5095000000000  -5.0588000000000
H111   -8.4168000000000  -1.8490000000000  -3.1483000000000
H112   -9.2579000000000  -3.7188000000000  -1.8536000000000
H113   -7.8546000000000  -4.6909000000000   0.0458000000000
H114   -6.1169000000000   0.9080000000000   3.2744000000000
H115   -4.6666000000000  -0.0804000000000   4.9480000000000
H116   -2.8945000000000  -1.7817000000000   4.2550000000000
H117    3.5454000000000   1.3622000000000   4.1157000000000
H118    5.2168000000000   3.0490000000000   3.6382000000000
H119    6.5678000000000   2.9310000000000   1.4759000000000
H120    6.9144000000000  -5.2765000000000  -1.5602000000000
H121    9.0213000000000  -4.5584000000000  -0.5984000000000
H122    9.1607000000000  -2.3384000000000   0.6528000000000
H123    2.7492000000000   2.3878000000000  -3.2178000000000
H124    2.8016000000000   1.0221000000000  -5.2169000000000
H125    3.5398000000000  -1.4176000000000  -5.0742000000000
H126    4.8890000000000   3.6171000000000  -0.5092000000000
H127    2.5692000000000   3.7032000000000   0.3204000000000
H128    1.4521000000000   5.9741000000000  -3.1716000000000
H129    3.7670000000000   5.8156000000000  -4.0222000000000
H130    5.5022000000000   4.6433000000000  -2.6737000000000
H131    0.0398000000000   6.0047000000000  -1.2856000000000
H132   -3.6465000000000   4.8463000000000   0.4736000000000
H133   -5.1217000000000   3.3366000000000   1.8602000000000
H134   -4.3184000000000   2.6622000000000   4.1416000000000
H135   -2.0789000000000   3.4382000000000   4.9088000000000
H136   -0.0597000000000   1.8085000000000  -2.0647000000000
H137    0.3683000000000   2.2170000000000  -4.4332000000000
H138   -0.7179000000000   4.6264000000000  -5.1318000000000
H139   -1.7066000000000   5.6692000000000  -2.8388000000000
H140   -1.3999000000000   3.6559000000000  -1.0101000000000
S141    0.1177000000000   1.4524000000000   1.3932000000000
O142   -1.2448000000000   1.8200000000000   0.9497000000000
C143   -0.1154000000000   0.5556000000000   3.0337000000000
O144    1.0018000000000   2.5924000000000   1.7577000000000
F145   -0.3667000000000  -0.7408000000000   2.8286000000000
F146    0.9798000000000   0.6642000000000   3.7874000000000
F147   -1.1500000000000   1.0886000000000   3.7018000000000
H148    0.4925000000000   4.2063000000000   1.0465000000000
&
