MAEFILE: Toru-SiPh3-NTf-Type-I-E-Sulfonyl-3-chkp-scan-unrestrained-3-SPE.mae
&gen
epsout=2.38
radprb=2.76
solvent=other
isolv=2
basis=6-31G**
gdftgrad=-13
gdftmed=-13
gdftfine=-13
dftname=M06-2X
iacc=1
&
entry_name: Toru-SiPh3-NTf-Type-I-E-Sulfonyl-3-chkp-scan-unrestrained-3
&zmat
C1     -1.7971000000000   5.6396000000000  -1.7996000000000
C2     -0.5562000000000   4.8993000000000  -1.4437000000000
C3     -1.7315000000000   6.7493000000000  -2.5444000000000
C4      0.6305000000000   5.3425000000000  -1.9117000000000
C5     -0.6006000000000   3.6595000000000  -0.6137000000000
C6      0.6932000000000   6.5748000000000  -2.7314000000000
C7      1.8690000000000   4.6073000000000  -1.5940000000000
C8     -0.4274000000000   7.2423000000000  -3.0276000000000
C9      0.5068000000000   2.8945000000000  -0.4937000000000
C10    -1.8303000000000   3.2795000000000   0.1222000000000
C11     1.8241000000000   3.4576000000000  -0.9024000000000
O12     0.4536000000000   1.6984000000000   0.1854000000000
Si13    3.4141000000000   2.6118000000000  -0.4219000000000
C14    -2.3758000000000   4.0792000000000   1.0704000000000
C15    -2.4465000000000   1.9569000000000  -0.1729000000000
C16    -3.6530000000000   3.6852000000000   1.7140000000000
C17    -1.7439000000000   5.3432000000000   1.5313000000000
C18    -4.2461000000000   2.5336000000000   1.3831000000000
C19    -4.2546000000000   4.5894000000000   2.7141000000000
C20    -3.6261000000000   1.6237000000000   0.3943000000000
Si21   -4.5024000000000   0.0081000000000   0.0811000000000
O22    -1.8262000000000   1.1195000000000  -1.0673000000000
C23    -2.3418000000000   6.1076000000000   2.4529000000000
C24    -3.6378000000000   5.7262000000000   3.0530000000000
P25    -0.3952000000000   0.4964000000000  -0.5675000000000
O26     0.3103000000000  -0.0747000000000  -1.7497000000000
N27    -0.8267000000000  -0.4747000000000   0.6658000000000
C28     3.5223000000000   1.0701000000000  -1.4452000000000
C29     4.8694000000000   3.7125000000000  -0.7784000000000
C30     3.5147000000000   2.2902000000000   1.4079000000000
C31    -4.2138000000000  -1.1257000000000   1.5364000000000
C32    -6.3202000000000   0.4074000000000  -0.0586000000000
C33    -3.9481000000000  -0.7858000000000  -1.5126000000000
C34     3.7282000000000  -0.1362000000000  -0.8940000000000
C35     3.4241000000000   1.1942000000000  -2.9198000000000
C36     5.8532000000000   3.3362000000000  -1.6130000000000
C37     4.9595000000000   5.0216000000000  -0.0878000000000
C38     2.5841000000000   2.7595000000000   2.2572000000000
C39     4.7024000000000   1.5858000000000   1.9492000000000
C40    -3.5199000000000  -0.7120000000000   2.6119000000000
C41    -4.7712000000000  -2.5009000000000   1.5201000000000
C42    -6.7264000000000   1.4136000000000  -0.8529000000000
C43    -7.3292000000000  -0.3303000000000   0.7433000000000
C44    -3.3263000000000  -1.9768000000000  -1.5154000000000
C45    -4.2014000000000  -0.1000000000000  -2.8042000000000
C46     3.9263000000000  -1.3158000000000  -1.7587000000000
C47     3.8687000000000  -1.1947000000000  -3.0902000000000
C48     3.5887000000000   0.1193000000000  -3.6988000000000
C49     7.0028000000000   4.2326000000000  -1.8570000000000
C50     7.0735000000000   5.4176000000000  -1.2391000000000
C51     6.0028000000000   5.8302000000000  -0.3094000000000
C52     2.7139000000000   2.5193000000000   3.7097000000000
C53     3.7744000000000   1.8585000000000   4.1886000000000
C54     4.8223000000000   1.3784000000000   3.2659000000000
C55    -3.3257000000000  -1.6133000000000   3.7665000000000
C56    -3.8349000000000  -2.8501000000000   3.7455000000000
C57    -4.5933000000000  -3.3150000000000   2.5675000000000
C58    -8.1607000000000   1.7515000000000  -0.9596000000000
C59    -9.0650000000000   1.0680000000000  -0.2502000000000
C60    -8.6279000000000  -0.0191000000000   0.6470000000000
C61    -2.9661000000000  -2.6262000000000  -2.7919000000000
C62    -3.2265000000000  -2.0168000000000  -3.9533000000000
C63    -3.8619000000000  -0.6856000000000  -3.9588000000000
C64    -2.4947000000000  -5.2402000000000  -0.2057000000000
C65    -1.1335000000000  -4.9535000000000  -0.1503000000000
C66    -0.2724000000000  -5.4514000000000  -1.1440000000000
C67    -0.8093000000000  -6.2168000000000  -2.1983000000000
C68    -2.1690000000000  -6.4960000000000  -2.2469000000000
C69    -3.0164000000000  -6.0090000000000  -1.2465000000000
C70     1.1823000000000  -5.3206000000000  -1.0573000000000
N71     1.7914000000000  -4.8028000000000   0.0367000000000
S72     3.4419000000000  -5.2380000000000   0.3386000000000
O73     3.4425000000000  -6.5774000000000   0.9166000000000
O74     4.2055000000000  -4.9880000000000  -0.8934000000000
C75     3.9059000000000  -3.9961000000000   1.5699000000000
C76     4.9911000000000  -3.1654000000000   1.3094000000000
C77     5.3315000000000  -2.2587000000000   2.3150000000000
C78     4.5885000000000  -2.2481000000000   3.4924000000000
C79     3.5270000000000  -3.1468000000000   3.6340000000000
N80     3.1851000000000  -4.0185000000000   2.6810000000000
N81     1.0803000000000  -2.7252000000000  -2.4885000000000
C82     0.2347000000000  -2.5147000000000  -3.5048000000000
C83     0.3841000000000  -3.5498000000000  -4.4463000000000
C84     1.3854000000000  -4.3882000000000  -3.9642000000000
C85     1.7988000000000  -3.9007000000000  -2.7002000000000
H86    -2.7648000000000   5.2854000000000  -1.4693000000000
H87    -2.6364000000000   7.2851000000000  -2.8007000000000
H88     1.6462000000000   6.9395000000000  -3.0940000000000
H89     2.8122000000000   5.0184000000000  -1.9278000000000
H90    -0.3814000000000   8.1422000000000  -3.6272000000000
H91    -0.7827000000000   5.6587000000000   1.1481000000000
H92    -5.1786000000000   2.2511000000000   1.8581000000000
H93    -5.1993000000000   4.3373000000000   3.1812000000000
H94    -1.8640000000000   7.0234000000000   2.7768000000000
H95    -4.0889000000000   6.3792000000000   3.7891000000000
H96     3.7802000000000  -0.2651000000000   0.1771000000000
H97     3.2293000000000   2.1583000000000  -3.3731000000000
H98     5.8314000000000   2.3772000000000  -2.1111000000000
H99     4.1788000000000   5.3298000000000   0.5967000000000
H100    1.7379000000000   3.3313000000000   1.9046000000000
H101    5.4813000000000   1.2393000000000   1.2813000000000
H102   -3.0906000000000   0.2787000000000   2.6582000000000
H103   -5.3264000000000  -2.8522000000000   0.6592000000000
H104   -6.0139000000000   2.0110000000000  -1.4045000000000
H105   -7.0329000000000  -1.1155000000000   1.4212000000000
H106   -3.0794000000000  -2.4804000000000  -0.5937000000000
H107   -4.6459000000000   0.8833000000000  -2.8264000000000
H108    4.1199000000000  -2.2783000000000  -1.3123000000000
H109    4.0154000000000  -2.0606000000000  -3.7226000000000
H110    3.5227000000000   0.2117000000000  -4.7751000000000
H111    7.7885000000000   3.9265000000000  -2.5356000000000
H112    7.9155000000000   6.0741000000000  -1.4165000000000
H113    6.0654000000000   6.7866000000000   0.1932000000000
H114    1.9481000000000   2.8792000000000   4.3845000000000
H115    3.8701000000000   1.6808000000000   5.2518000000000
H116    5.6896000000000   0.8632000000000   3.6577000000000
H117   -2.7644000000000  -1.2714000000000   4.6265000000000
H118   -3.6897000000000  -3.5126000000000   4.5889000000000
H119   -5.0015000000000  -4.3173000000000   2.5518000000000
H120   -8.4766000000000   2.5562000000000  -1.6108000000000
H121  -10.1159000000000   1.3154000000000  -0.3254000000000
H122   -9.3605000000000  -0.5582000000000   1.2338000000000
H123   -2.4809000000000  -3.5918000000000  -2.7871000000000
H124   -2.9548000000000  -2.4895000000000  -4.8882000000000
H125   -4.0451000000000  -0.1813000000000  -4.8987000000000
H126   -3.1429000000000  -4.8588000000000   0.5746000000000
H127   -0.7619000000000  -4.3698000000000   0.6830000000000
H128   -0.1510000000000  -6.5948000000000  -2.9741000000000
H129   -2.5688000000000  -7.0940000000000  -3.0598000000000
H130   -4.0793000000000  -6.2287000000000  -1.2806000000000
H131    1.7525000000000  -6.0961000000000  -1.5599000000000
H132    5.5338000000000  -3.2305000000000   0.3750000000000
H133    6.1608000000000  -1.5730000000000   2.1744000000000
H134    4.8206000000000  -1.5574000000000   4.2956000000000
H135    2.9261000000000  -3.1631000000000   4.5370000000000
H136    1.1357000000000  -2.0815000000000  -1.6972000000000
H137   -0.3951000000000  -1.6381000000000  -3.4923000000000
H138   -0.1749000000000  -3.6467000000000  -5.3657000000000
H139    1.7931000000000  -5.2653000000000  -4.4492000000000
H140    2.7819000000000  -4.0264000000000  -2.2709000000000
S141   -0.0444000000000  -1.6099000000000   1.3772000000000
O142    1.0946000000000  -2.2069000000000   0.5950000000000
C143    0.8189000000000  -0.7727000000000   2.8199000000000
O144   -0.9313000000000  -2.5906000000000   2.0171000000000
F145    0.0919000000000   0.2482000000000   3.2770000000000
F146    0.9932000000000  -1.6495000000000   3.8226000000000
F147    2.0202000000000  -0.3205000000000   2.4401000000000
H148    1.4425000000000  -3.9278000000000   0.4834000000000
&
