MAEFILE: Type-II-Z-sulfonyl-bind-2-chkp-unrestrained-2.1-SPE.mae
&gen
epsout=2.38
radprb=2.76
solvent=other
isolv=2
basis=6-31G**
gdftgrad=-13
gdftmed=-13
gdftfine=-13
dftname=M06-2X
iacc=1
&
entry_name: Type-II-Z-sulfonyl-bind-2-chkp-unrestrained-2.1
&zmat
C1      1.1265000000000   3.0863000000000  -0.9304000000000
C2     -0.8111000000000   5.1245000000000  -0.5308000000000
C3     -1.1900000000000   3.7121000000000  -0.3324000000000
C4     -0.2767000000000   2.7333000000000  -0.5088000000000
H5     -1.5531000000000   5.9032000000000  -0.4244000000000
C6      4.3704000000000   0.3126000000000  -1.4964000000000
C7      3.6983000000000   0.3408000000000  -0.3364000000000
C8      2.4479000000000   1.1377000000000  -0.2405000000000
C9      2.1316000000000   2.0189000000000  -1.2111000000000
H10     5.2737000000000  -0.2788000000000  -1.5916000000000
C11     1.4793000000000   4.3972000000000  -0.9996000000000
C12     0.4492000000000   5.4524000000000  -0.8265000000000
C13     0.8398000000000   6.8667000000000  -0.9963000000000
C14     2.1119000000000   7.1906000000000  -1.2460000000000
C15     3.1620000000000   6.1570000000000  -1.3468000000000
C16     2.8780000000000   4.8550000000000  -1.2269000000000
H17     0.0982000000000   7.6526000000000  -0.9147000000000
H18     2.3849000000000   8.2315000000000  -1.3631000000000
H19     4.1867000000000   6.4659000000000  -1.5100000000000
H20     3.6969000000000   4.1501000000000  -1.2748000000000
C21     3.9131000000000   1.1176000000000  -2.6479000000000
C22     2.8501000000000   1.9441000000000  -2.5181000000000
C23     2.3799000000000   2.7107000000000  -3.7026000000000
C24     3.0247000000000   2.6107000000000  -4.8708000000000
C25     4.2031000000000   1.7311000000000  -4.9953000000000
C26     4.6243000000000   1.0209000000000  -3.9432000000000
H27     1.5067000000000   3.3463000000000  -3.6364000000000
H28     2.6787000000000   3.1693000000000  -5.7309000000000
H29     4.7214000000000   1.6578000000000  -5.9426000000000
H30     5.4854000000000   0.3721000000000  -4.0438000000000
Si31   -2.9320000000000   3.3042000000000   0.2216000000000
Si32    4.3987000000000  -0.5688000000000   1.1341000000000
C33    -2.9548000000000   1.9887000000000   4.7175000000000
C34    -1.7888000000000   2.2180000000000   4.1033000000000
C35    -1.7685000000000   2.6351000000000   2.6865000000000
C36    -2.9181000000000   2.7578000000000   1.9997000000000
C37    -4.2067000000000   2.5079000000000   2.6882000000000
C38    -4.2230000000000   2.1452000000000   3.9764000000000
H39    -2.9717000000000   1.6846000000000   5.7560000000000
H40    -0.8577000000000   2.1019000000000   4.6430000000000
H41    -0.8126000000000   2.8379000000000   2.2252000000000
H42    -5.1406000000000   2.6209000000000   2.1517000000000
H43    -5.1647000000000   1.9612000000000   4.4770000000000
C44    -5.7608000000000   7.0326000000000   0.0378000000000
C45    -4.7610000000000   6.9903000000000   0.9260000000000
C46    -3.8681000000000   5.8144000000000   0.9798000000000
C47    -4.0465000000000   4.7888000000000   0.1299000000000
C48    -5.1652000000000   4.8355000000000  -0.8432000000000
C49    -5.9745000000000   5.9013000000000  -0.8872000000000
H50    -6.4164000000000   7.8929000000000  -0.0027000000000
H51    -4.6043000000000   7.8164000000000   1.6075000000000
H52    -3.0700000000000   5.7950000000000   1.7119000000000
H53    -5.3403000000000   4.0126000000000  -1.5221000000000
H54    -6.7898000000000   5.9352000000000  -1.5982000000000
C55    -4.4139000000000  -0.1471000000000  -2.5821000000000
C56    -3.8891000000000   0.9672000000000  -3.1047000000000
C57    -3.4455000000000   2.0633000000000  -2.2183000000000
C58    -3.5593000000000   1.9443000000000  -0.8846000000000
C59    -4.1272000000000   0.6993000000000  -0.3112000000000
C60    -4.5481000000000  -0.2819000000000  -1.1184000000000
H61    -4.7366000000000  -0.9526000000000  -3.2290000000000
H62    -3.7851000000000   1.0672000000000  -4.1773000000000
H63    -3.0160000000000   2.9541000000000  -2.6601000000000
H64    -4.2110000000000   0.5708000000000   0.7580000000000
H65    -4.9804000000000  -1.1808000000000  -0.6994000000000
C66     4.0828000000000  -5.1011000000000   0.0084000000000
C67     5.2904000000000  -4.5433000000000   0.1573000000000
C68     5.4082000000000  -3.1152000000000   0.5210000000000
C69     4.3035000000000  -2.3758000000000   0.7161000000000
C70     2.9717000000000  -2.9968000000000   0.5387000000000
C71     2.8660000000000  -4.2889000000000   0.2074000000000
H72     3.9951000000000  -6.1459000000000  -0.2598000000000
H73     6.1839000000000  -5.1355000000000   0.0078000000000
H74     6.3951000000000  -2.6828000000000   0.6076000000000
H75     2.0809000000000  -2.4058000000000   0.6882000000000
H76     1.8907000000000  -4.7409000000000   0.0828000000000
C77     2.0741000000000   0.4727000000000   5.0646000000000
C78     2.6487000000000   1.4412000000000   4.3431000000000
C79     3.3969000000000   1.1031000000000   3.1153000000000
C80     3.4748000000000  -0.1725000000000   2.6978000000000
C81     2.8562000000000  -1.2444000000000   3.5145000000000
C82     2.1973000000000  -0.9356000000000   4.6387000000000
H83     1.5248000000000   0.7176000000000   5.9644000000000
H84     2.5644000000000   2.4741000000000   4.6550000000000
H85     3.8567000000000   1.9015000000000   2.5453000000000
H86     2.9479000000000  -2.2816000000000   3.2237000000000
H87     1.7631000000000  -1.7170000000000   5.2467000000000
C88     8.7892000000000   0.7855000000000   2.0580000000000
C89     8.2366000000000  -0.2245000000000   2.7395000000000
C90     6.8524000000000  -0.6480000000000   2.4428000000000
C91     6.1493000000000  -0.0370000000000   1.4741000000000
C92     6.7592000000000   1.0996000000000   0.7399000000000
C93     8.0118000000000   1.4840000000000   1.0149000000000
H94     9.8025000000000   1.0981000000000   2.2749000000000
H95     8.8015000000000  -0.7336000000000   3.5096000000000
H96     6.4193000000000  -1.4608000000000   3.0130000000000
H97     6.1961000000000   1.6422000000000  -0.0060000000000
H98     8.4541000000000   2.3156000000000   0.4816000000000
O99    -0.7095000000000   1.4343000000000  -0.4038000000000
O100    1.5973000000000   0.9602000000000   0.8155000000000
P101    0.1613000000000   0.3147000000000   0.3697000000000
O102   -0.5120000000000  -0.1184000000000   1.6375000000000
N103   -2.8620000000000  -2.8705000000000  -0.2787000000000
H104   -2.2762000000000  -2.4485000000000  -1.0340000000000
C105   -2.4348000000000  -2.5264000000000   0.9897000000000
C106   -4.7817000000000  -2.6989000000000   4.5719000000000
C107   -4.0983000000000  -1.5417000000000   4.1982000000000
C108   -3.3261000000000  -1.5305000000000   3.0389000000000
C109   -3.2460000000000  -2.6758000000000   2.2238000000000
C110   -3.9163000000000  -3.8443000000000   2.6217000000000
C111   -4.6817000000000  -3.8480000000000   3.7857000000000
H112   -5.3833000000000  -2.7072000000000   5.4761000000000
H113   -4.1673000000000  -0.6496000000000   4.8111000000000
H114   -2.7820000000000  -0.6351000000000   2.7516000000000
H115   -3.8245000000000  -4.7507000000000   2.0369000000000
H116   -5.1961000000000  -4.7570000000000   4.0819000000000
H117   -1.9842000000000  -1.5375000000000   0.9358000000000
N118    0.3990000000000  -0.8808000000000  -0.7120000000000
S119   -0.1207000000000  -0.9905000000000  -2.2071000000000
O120   -0.1327000000000   0.2319000000000  -3.0173000000000
O121   -1.3069000000000  -1.8894000000000  -2.3137000000000
C122    1.1932000000000  -2.0937000000000  -2.9349000000000
F123    2.4182000000000  -1.6091000000000  -2.7279000000000
F124    1.1164000000000  -3.3201000000000  -2.3945000000000
F125    0.9865000000000  -2.2014000000000  -4.2540000000000
C126   -0.6312000000000  -3.3866000000000   1.3358000000000
C127   -0.7361000000000  -4.7552000000000   1.7424000000000
C128   -0.5101000000000  -4.8177000000000   3.1060000000000
C129   -0.2095000000000  -3.5042000000000   3.5335000000000
N130   -0.2105000000000  -2.6883000000000   2.4840000000000
H131   -0.2273000000000  -3.0506000000000   0.3858000000000
H132   -0.9907000000000  -5.5639000000000   1.0744000000000
H133   -0.5638000000000  -5.6849000000000   3.7475000000000
H134   -0.0253000000000  -3.1391000000000   4.5341000000000
H135   -0.1186000000000  -1.6637000000000   2.4488000000000
S136   -3.6239000000000  -4.3374000000000  -0.7428000000000
O137   -3.0384000000000  -5.4501000000000   0.0160000000000
O138   -5.0750000000000  -4.1427000000000  -0.7266000000000
C139   -2.2046000000000  -4.6578000000000  -5.0027000000000
C140   -1.3991000000000  -4.9357000000000  -3.8945000000000
N141   -1.8396000000000  -4.8366000000000  -2.6384000000000
C142   -3.0925000000000  -4.4331000000000  -2.4744000000000
C143   -3.9886000000000  -4.1115000000000  -3.4872000000000
C144   -3.5171000000000  -4.2402000000000  -4.7956000000000
H145   -1.8028000000000  -4.7659000000000  -6.0047000000000
H146   -0.3639000000000  -5.2423000000000  -4.0174000000000
H147   -4.9942000000000  -3.7847000000000  -3.2543000000000
H148   -4.1666000000000  -4.0164000000000  -5.6358000000000
&
