MAEFILE: Toru-NTf-Sulfonyl-5-chkp-unrestrained-uff-acc-sol-fine-grid_1_co.01.mae
&gen 
epsout=2.38 
radprb=2.76 
isolv=2 
solvent=other 
basis=6-31g** 
gdftgrad=-13 
gdftmed=-13 
rsinglet=0 
gdftfine=-13 
dftname=m06-2x 
iacc=1 
&
&zmat
 C1               0.1101000000            -6.0253000000            -0.7908000000
 C2              -0.8773000000            -4.9112000000            -0.7849000000
 C3              -0.2100000000            -7.2093000000            -1.3258000000
 C4              -2.0857000000            -5.1024000000            -1.3575000000
 C5              -0.5434000000            -3.5769000000            -0.2046000000
 C6              -2.4323000000            -6.4189000000            -1.9418000000
 C7              -3.0740000000            -4.0078000000            -1.3771000000
 C8              -1.5428000000            -7.4173000000            -1.9233000000
 C9              -1.3796000000            -2.5326000000            -0.4065000000
 C10              0.6966000000            -3.3856000000             0.5850000000
 C11             -2.7615000000            -2.7958000000            -0.8930000000
 O12             -1.0532000000            -1.2724000000             0.0370000000
 Si13            -4.0868000000            -1.4887000000            -0.7376000000
 C14              0.9284000000            -4.0400000000             1.7456000000
 C15              1.7125000000            -2.4431000000             0.0555000000
 C16              2.2435000000            -3.8910000000             2.4172000000
 C17             -0.0837000000            -4.9029000000             2.4055000000
 C18              3.1964000000            -3.1253000000             1.8707000000
 C19              2.4817000000            -4.6195000000             3.6788000000
 C20              2.9418000000            -2.3878000000             0.6107000000
 Si21             4.3292000000            -1.3339000000            -0.0771000000
 O22              1.3747000000            -1.6500000000            -1.0100000000
 C23              0.2024000000            -5.5304000000             3.5524000000
 C24              1.5222000000            -5.3888000000             4.2048000000
 P25              0.2332000000            -0.5293000000            -0.6729000000
 O26             -0.1126000000             0.1408000000            -1.9678000000
 N27              0.8892000000             0.3868000000             0.5072000000
 C28             -5.7428000000            -2.1673000000            -1.2471000000
 C29             -4.3179000000            -0.9544000000             1.0307000000
 C30             -3.6363000000            -0.0666000000            -1.8416000000
 C31              4.7094000000             0.0138000000             1.1585000000
 C32              5.8497000000            -2.3664000000            -0.4129000000
 C33              3.8628000000            -0.5871000000            -1.7105000000
 C34             -6.2982000000            -3.1670000000            -0.5410000000
 C35             -6.4825000000            -1.5890000000            -2.3961000000
 C36             -3.5871000000            -1.4805000000             2.0290000000
 C37             -5.4051000000             0.0011000000             1.3536000000
 C38             -3.3150000000            -0.3019000000            -3.1248000000
 C39             -3.7323000000             1.3322000000            -1.3586000000
 C40              5.7390000000             0.8552000000             0.9633000000
 C41              3.8447000000             0.1976000000             2.3517000000
 C42              5.9005000000            -3.6735000000            -0.0983000000
 C43              7.0016000000            -1.7525000000            -1.1207000000
 C44              3.5162000000             0.7048000000            -1.8050000000
 C45              3.8324000000            -1.4431000000            -2.9203000000
 C46             -7.6208000000            -3.7035000000            -0.9227000000
 C47             -8.2779000000            -3.1861000000            -1.9671000000
 C48             -7.6825000000            -2.0753000000            -2.7369000000
 C49             -3.8305000000            -1.0690000000             3.4268000000
 C50             -4.8037000000            -0.1962000000             3.7093000000
 C51             -5.6353000000             0.3582000000             2.6224000000
 C52             -3.1051000000             0.8241000000            -4.0572000000
 C53             -3.2579000000             2.0825000000            -3.6311000000
 C54             -3.5806000000             2.3487000000            -2.2150000000
 C55              6.0260000000             1.9264000000             1.9400000000
 C56              5.2463000000             2.0807000000             3.0150000000
 C57              4.1004000000             1.1765000000             3.2283000000
 C58              7.1135000000            -4.4663000000            -0.3883000000
 C59              8.1602000000            -3.8950000000            -0.9934000000
 C60              8.0965000000            -2.4747000000            -1.3880000000
 C61              3.1287000000             1.2764000000            -3.1101000000
 C62              3.1041000000             0.5020000000            -4.2009000000
 C63              3.4705000000            -0.9254000000            -4.1007000000
 C64              3.7527000000             5.2071000000            -2.8486000000
 C65              2.4272000000             5.3259000000            -2.4380000000
 C66              1.9979000000             4.7591000000            -1.2245000000
 C67              2.9200000000             4.0608000000            -0.4292000000
 C68              4.2493000000             3.9688000000            -0.8365000000
 C69              4.6694000000             4.5318000000            -2.0430000000
 C70              0.6046000000             5.0426000000            -0.7996000000
 N71              0.2552000000             4.9626000000             0.5332000000
 S72             -0.9696000000             6.0088000000             1.1245000000
 O73             -0.3842000000             6.8961000000             2.1203000000
 O74             -1.6258000000             6.5518000000            -0.0768000000
 C75             -2.1376000000             4.8923000000             1.9448000000
 C76             -3.3499000000             4.5974000000             1.3272000000
 C77             -4.2303000000             3.7851000000             2.0427000000
 C78             -3.8534000000             3.3326000000             3.3044000000
 C79             -2.5985000000             3.6869000000             3.8046000000
 N80             -1.7446000000             4.4650000000             3.1349000000
 N81             -0.0427000000             2.7612000000            -2.4750000000
 C82              0.0616000000             3.0081000000            -3.7758000000
 C83             -0.5207000000             4.2654000000            -4.0771000000
 C84             -1.0289000000             4.7530000000            -2.8920000000
 C85             -0.6440000000             3.8560000000            -1.8280000000
 H86              1.0993000000            -5.8896000000            -0.3739000000
 H87              0.5112000000            -8.0164000000            -1.3283000000
 H88             -3.4071000000            -6.5774000000            -2.3860000000
 H89             -4.0617000000            -4.2143000000            -1.7646000000
 H90             -1.7962000000            -8.3786000000            -2.3513000000
 H91             -1.0724000000            -5.0240000000             1.9822000000
 H92              4.1572000000            -3.0234000000             2.3621000000
 H93              3.4356000000            -4.5371000000             4.1860000000
 H94             -0.5497000000            -6.1519000000             4.0213000000
 H95              1.7101000000            -5.9175000000             5.1305000000
 H96             -5.7850000000            -3.5945000000             0.3118000000
 H97             -6.0675000000            -0.7678000000            -2.9635000000
 H98             -2.8276000000            -2.2242000000             1.8404000000
 H99             -6.0250000000             0.4074000000             0.5641000000
 H100            -3.2537000000            -1.3145000000            -3.5045000000
 H101            -3.9408000000             1.5469000000            -0.3208000000
 H102             6.3647000000             0.7801000000             0.0885000000
 H103             2.9911000000            -0.4431000000             2.5180000000
 H104             5.0640000000            -4.1782000000             0.3580000000
 H105             6.9530000000            -0.7287000000            -1.4631000000
 H106             3.4873000000             1.3318000000            -0.9275000000
 H107             4.0958000000            -2.4912000000            -2.8526000000
 H108            -8.0564000000            -4.5151000000            -0.3546000000
 H109            -9.2474000000            -3.5770000000            -2.2476000000
 H110            -8.2220000000            -1.6523000000            -3.5745000000
 H111            -3.2221000000            -1.4804000000             4.2218000000
 H112            -4.9848000000             0.1041000000             4.7331000000
 H113            -6.4296000000             1.0556000000             2.8548000000
 H114            -2.8571000000             0.6272000000            -5.0920000000
 H115            -3.1307000000             2.9078000000            -4.3189000000
 H116            -3.6767000000             3.3694000000            -1.8682000000
 H117             6.8635000000             2.5924000000             1.7768000000
 H118             5.4509000000             2.8694000000             3.7273000000
 H119             3.4660000000             1.3108000000             4.0946000000
 H120             7.1515000000            -5.5118000000            -0.1106000000
 H121             9.0483000000            -4.4752000000            -1.2082000000
 H122             8.9298000000            -2.0247000000            -1.9120000000
 H123             2.8603000000             2.3210000000            -3.1804000000
 H124             2.8155000000             0.9189000000            -5.1570000000
 H125             3.4451000000            -1.5509000000            -4.9835000000
 H126             4.0702000000             5.6554000000            -3.7851000000
 H127             1.7217000000             5.8808000000            -3.0478000000
 H128             2.6103000000             3.5984000000             0.5018000000
 H129             4.9627000000             3.4479000000            -0.2087000000
 H130             5.7076000000             4.4478000000            -2.3496000000
 H131             0.2307000000             5.9656000000            -1.2224000000
 H132            -3.5895000000             4.9962000000             0.3494000000
 H133            -5.1938000000             3.5164000000             1.6212000000
 H134            -4.5159000000             2.7170000000             3.9017000000
 H135            -2.2658000000             3.3339000000             4.7763000000
 H136             0.0734000000             1.7939000000            -2.0853000000
 H137             0.5096000000             2.2840000000            -4.4430000000
 H138            -0.5592000000             4.7232000000            -5.0550000000
 H139            -1.5483000000             5.6877000000            -2.7280000000
 H140            -1.2602000000             3.6021000000            -0.9744000000
 S141             0.1002000000             1.4087000000             1.3995000000
 O142            -1.2372000000             1.8106000000             0.9107000000
 C143            -0.2158000000             0.4869000000             3.0129000000
 O144             0.9875000000             2.5234000000             1.8271000000
 F145            -1.2586000000             1.0372000000             3.6533000000
 F146            -0.4940000000            -0.7992000000             2.7787000000
 F147             0.8545000000             0.5532000000             3.8069000000
 H148             0.5294000000             4.1637000000             1.1297000000
&
&path pre onee &
