MAEFILE: Toru-NTf-Sulfonyl-5-chkp-unrestrained-uff-acc-sol-fine-grid_2_co.mae
&gen
epsout=2.38
radprb=2.76
isolv=2
solvent=other
basis=6-31G**
gdftgrad=-13
gdftmed=-13
rsinglet=0
gdftfine=-13
dftname=M06-2X
iacc=1
&
entry_name: Toru-NTf-Sulfonyl-5-chkp-unrestrained.1
&zmat
C1      0.7721000000000  -5.8604000000000  -1.0544000000000
C2     -0.3463000000000  -4.8840000000000  -0.9461000000000
C3      0.5815000000000  -7.0430000000000  -1.6507000000000
C4     -1.5433000000000  -5.1943000000000  -1.4898000000000
C5     -0.1615000000000  -3.5567000000000  -0.2884000000000
C6     -1.7454000000000  -6.5083000000000  -2.1434000000000
C7     -2.6584000000000  -4.2314000000000  -1.4174000000000
C8     -0.7379000000000  -7.3848000000000  -2.2157000000000
C9     -1.1296000000000  -2.6212000000000  -0.3881000000000
C10     1.0654000000000  -3.2578000000000   0.4882000000000
C11    -2.4809000000000  -3.0186000000000  -0.8705000000000
O12    -0.9439000000000  -1.3733000000000   0.1548000000000
Si13   -3.9409000000000  -1.8724000000000  -0.6628000000000
C14     1.4180000000000  -3.9721000000000   1.5809000000000
C15     1.9439000000000  -2.1560000000000   0.0125000000000
C16     2.7417000000000  -3.7398000000000   2.2073000000000
C17     0.5357000000000  -4.9924000000000   2.2023000000000
C18     3.5883000000000  -2.8467000000000   1.6807000000000
C19     3.1153000000000  -4.5375000000000   3.3923000000000
C20     3.1970000000000  -2.0375000000000   0.5033000000000
Si21    4.4696000000000  -0.8559000000000  -0.1966000000000
O22     1.4851000000000  -1.3158000000000  -0.9704000000000
C23     0.9407000000000  -5.6763000000000   3.2789000000000
C24     2.2680000000000  -5.4454000000000   3.8889000000000
P25     0.1777000000000  -0.4155000000000  -0.5723000000000
O26    -0.3169000000000   0.2084000000000  -1.8407000000000
N27     0.7024000000000   0.5767000000000   0.6101000000000
C28    -5.5136000000000  -2.7129000000000  -1.1924000000000
C29    -4.2139000000000  -1.4185000000000   1.1230000000000
C30    -3.6500000000000  -0.3835000000000  -1.7325000000000
C31     4.7121000000000   0.5590000000000   0.9834000000000
C32     6.1088000000000  -1.7425000000000  -0.2969000000000
C33     3.9798000000000  -0.2210000000000  -1.8815000000000
C34    -5.9569000000000  -3.7853000000000  -0.5145000000000
C35    -6.3085000000000  -2.1913000000000  -2.3315000000000
C36    -3.4133000000000  -1.8803000000000   2.0994000000000
C37    -5.4033000000000  -0.6093000000000   1.4839000000000
C38    -3.2623000000000  -0.5509000000000  -3.0084000000000
C39    -3.9292000000000   0.9827000000000  -1.2294000000000
C40     3.8431000000000   0.7884000000000   1.9808000000000
C41     5.9122000000000   1.4192000000000   0.8477000000000
C42     6.5891000000000  -2.2101000000000  -1.4624000000000
C43     6.9205000000000  -1.9055000000000   0.9358000000000
C44     3.9375000000000   1.0966000000000  -2.1356000000000
C45     3.6165000000000  -1.1783000000000  -2.9562000000000
C46    -7.2124000000000  -4.4530000000000  -0.9153000000000
C47    -7.9199000000000  -3.9848000000000  -1.9499000000000
C48    -7.4473000000000  -2.7974000000000  -2.6901000000000
C49    -3.6822000000000  -1.5336000000000   3.5101000000000
C50    -4.7479000000000  -0.7902000000000   3.8266000000000
C51    -5.6563000000000  -0.3147000000000   2.7647000000000
C52    -3.1329000000000   0.6148000000000  -3.9064000000000
C53    -3.4305000000000   1.8396000000000  -3.4594000000000
C54    -3.8513000000000   2.0308000000000  -2.0571000000000
C55     4.0742000000000   1.9002000000000   2.9263000000000
C56     5.1639000000000   2.6677000000000   2.8060000000000
C57     6.1315000000000   2.4112000000000   1.7196000000000
C58     7.8925000000000  -2.9056000000000  -1.5077000000000
C59     8.6092000000000  -3.0629000000000  -0.3894000000000
C60     8.1014000000000  -2.5336000000000   0.8911000000000
C61     3.5489000000000   1.5881000000000  -3.4730000000000
C62     3.2327000000000   0.7193000000000  -4.4402000000000
C63     3.2624000000000  -0.7314000000000  -4.1672000000000
C64     3.3239000000000   5.7591000000000  -2.4004000000000
C65     1.9500000000000   5.7567000000000  -2.1811000000000
C66     1.3930000000000   5.0345000000000  -1.1103000000000
C67     2.2405000000000   4.2941000000000  -0.2699000000000
C68     3.6155000000000   4.3222000000000  -0.4835000000000
C69     4.1628000000000   5.0435000000000  -1.5450000000000
C70    -0.0561000000000   5.1831000000000  -0.8647000000000
N71    -0.5920000000000   4.8877000000000   0.3609000000000
S72    -2.0117000000000   5.7353000000000   0.8465000000000
O73    -1.6259000000000   6.8965000000000   1.6399000000000
O74    -2.7934000000000   5.9188000000000  -0.3878000000000
C75    -2.8517000000000   4.5244000000000   1.8923000000000
C76    -4.0386000000000   3.9564000000000   1.4429000000000
C77    -4.6715000000000   3.0742000000000   2.3183000000000
C78    -4.0867000000000   2.8176000000000   3.5553000000000
C79    -2.8854000000000   3.4517000000000   3.8829000000000
N80    -2.2721000000000   4.3091000000000   3.0630000000000
N81    -0.4444000000000   2.7968000000000  -2.4658000000000
C82     0.1378000000000   2.7573000000000  -3.6620000000000
C83    -0.1090000000000   3.9673000000000  -4.3513000000000
C84    -0.8969000000000   4.7376000000000  -3.5171000000000
C85    -1.0565000000000   4.0422000000000  -2.2748000000000
H86     1.7527000000000  -5.6232000000000  -0.6633000000000
H87     1.3974000000000  -7.7500000000000  -1.7271000000000
H88    -2.7096000000000  -6.7640000000000  -2.5650000000000
H89    -3.6226000000000  -4.5322000000000  -1.8027000000000
H90    -0.8859000000000  -8.3445000000000  -2.6939000000000
H91    -0.4546000000000  -5.1847000000000   1.8101000000000
H92     4.5552000000000  -2.6966000000000   2.1386000000000
H93     4.0791000000000  -4.3942000000000   3.8661000000000
H94     0.2813000000000  -6.4117000000000   3.7218000000000
H95     2.5546000000000  -6.0233000000000   4.7581000000000
H96    -5.4008000000000  -4.1760000000000   0.3290000000000
H97    -5.9823000000000  -1.3176000000000  -2.8784000000000
H98    -2.5755000000000  -2.5258000000000   1.8838000000000
H99    -6.0799000000000  -0.2622000000000   0.7129000000000
H100   -3.0687000000000  -1.5403000000000  -3.4043000000000
H101   -4.2164000000000   1.1461000000000  -0.2014000000000
H102    2.9701000000000   0.1652000000000   2.1127000000000
H103    6.6201000000000   1.2432000000000   0.0474000000000
H104    6.0423000000000  -2.0938000000000  -2.3844000000000
H105    6.5714000000000  -1.5031000000000   1.8780000000000
H106    4.1947000000000   1.8160000000000  -1.3760000000000
H107    3.6226000000000  -2.2435000000000  -2.7605000000000
H108   -7.5580000000000  -5.3212000000000  -0.3692000000000
H109   -8.8403000000000  -4.4722000000000  -2.2445000000000
H110   -8.0270000000000  -2.4163000000000  -3.5209000000000
H111   -3.0175000000000  -1.8886000000000   4.2870000000000
H112   -4.9481000000000  -0.5385000000000   4.8599000000000
H113   -6.5261000000000   0.2743000000000   3.0253000000000
H114   -2.8147000000000   0.4728000000000  -4.9310000000000
H115   -3.3478000000000   2.6942000000000  -4.1183000000000
H116   -4.0881000000000   3.0231000000000  -1.6987000000000
H117    3.3630000000000   2.0885000000000   3.7198000000000
H118    5.3360000000000   3.4802000000000   3.4999000000000
H119    7.0094000000000   3.0363000000000   1.6219000000000
H120    8.2651000000000  -3.2881000000000  -2.4492000000000
H121    9.5638000000000  -3.5720000000000  -0.4218000000000
H122    8.6909000000000  -2.6473000000000   1.7917000000000
H123    3.5176000000000   2.6527000000000  -3.6665000000000
H124    2.9444000000000   1.0778000000000  -5.4198000000000
H125    2.9923000000000  -1.4314000000000  -4.9472000000000
H126    3.7376000000000   6.3282000000000  -3.2271000000000
H127    1.3015000000000   6.3322000000000  -2.8339000000000
H128    1.8446000000000   3.7152000000000   0.5576000000000
H129    4.2621000000000   3.7727000000000   0.1883000000000
H130    5.2372000000000   5.0499000000000  -1.7020000000000
H131   -0.4850000000000   6.0855000000000  -1.2859000000000
H132   -4.4419000000000   4.2029000000000   0.4694000000000
H133   -5.6037000000000   2.5985000000000   2.0322000000000
H134   -4.5482000000000   2.1391000000000   4.2640000000000
H135   -2.3973000000000   3.2652000000000   4.8349000000000
H136   -0.4940000000000   1.9281000000000  -1.8967000000000
H137    0.6684000000000   1.8698000000000  -3.9730000000000
H138    0.2536000000000   4.2137000000000  -5.3388000000000
H139   -1.2950000000000   5.7237000000000  -3.7175000000000
H140   -1.9503000000000   4.0998000000000  -1.6721000000000
S141   -0.2388000000000   1.4087000000000   1.5537000000000
O142   -1.6617000000000   1.4831000000000   1.1718000000000
C143   -0.2074000000000   0.4727000000000   3.1790000000000
O144    0.4005000000000   2.7056000000000   1.9147000000000
F145   -1.1755000000000   0.9324000000000   3.9886000000000
F146   -0.4132000000000  -0.8320000000000   2.9709000000000
F147    0.9682000000000   0.6280000000000   3.7929000000000
H148   -0.2274000000000   4.1482000000000   0.9897000000000
&
&path pre onee &
