MAEFILE: Toru-SiPh3-Type-II-Z-2-chkp-scan-unrestrained-uff-acc-sol.mae
&gen
epsout=2.38
radprb=2.76
isolv=2
solvent=other
basis=6-31G**
gdftgrad=-13
gdftmed=-13
rsinglet=0
gdftfine=-13
dftname=M06-2X
iacc=1
&
entry_name: Toru-SiPh3-Type-II-Z-2-chkp-scan-unrestrained.1
&zmat
C1      1.4717000000000   5.0909000000000  -1.1528000000000
C2      0.2300000000000   4.3204000000000  -0.8585000000000
C3      1.4464000000000   6.4279000000000  -1.1943000000000
C4     -0.9056000000000   4.9974000000000  -0.5825000000000
C5      0.2253000000000   2.8247000000000  -0.8159000000000
C6     -0.9243000000000   6.4780000000000  -0.6369000000000
C7     -2.1246000000000   4.2687000000000  -0.1923000000000
C8      0.1901000000000   7.1542000000000  -0.9334000000000
C9     -0.8620000000000   2.1730000000000  -0.3318000000000
C10     1.4288000000000   2.0637000000000  -1.2399000000000
C11    -2.1161000000000   2.9335000000000  -0.0669000000000
O12    -0.9032000000000   0.7998000000000  -0.2815000000000
Si13   -3.6592000000000   2.0552000000000   0.5146000000000
C14     1.9660000000000   2.1677000000000  -2.4765000000000
C15     2.1165000000000   1.2483000000000  -0.2081000000000
C16     3.3015000000000   1.5757000000000  -2.7440000000000
C17     1.2935000000000   2.8765000000000  -3.5934000000000
C18     3.9729000000000   0.9548000000000  -1.7648000000000
C19     3.8904000000000   1.7371000000000  -4.0878000000000
C20     3.3736000000000   0.8065000000000  -0.4188000000000
Si21    4.4146000000000  -0.0253000000000   0.8923000000000
O22     1.4516000000000   0.9771000000000   0.9568000000000
C23     1.8921000000000   2.9878000000000  -4.7853000000000
C24     3.2280000000000   2.4050000000000  -5.0389000000000
P25     0.1466000000000   0.0060000000000   0.7233000000000
O26    -0.4631000000000  -0.2290000000000   2.0834000000000
O27     0.5528000000000  -1.2195000000000  -0.0775000000000
C28    -4.2759000000000   0.8096000000000  -0.7242000000000
C29    -3.2397000000000   1.2793000000000   2.1501000000000
C30    -5.0536000000000   3.2651000000000   0.7334000000000
C31     5.9566000000000   0.9672000000000   1.1996000000000
C32     3.5796000000000  -0.1371000000000   2.5525000000000
C33     4.8386000000000  -1.7102000000000   0.2271000000000
C34    -3.6104000000000   0.5529000000000  -1.8638000000000
C35    -5.5805000000000   0.1475000000000  -0.4811000000000
C36    -3.5866000000000   0.0157000000000   2.4433000000000
C37    -2.5022000000000   2.0845000000000   3.1539000000000
C38    -5.5870000000000   3.5127000000000   1.9417000000000
C39    -5.6059000000000   3.9466000000000  -0.4620000000000
C40     6.8649000000000   0.5287000000000   2.0876000000000
C41     6.1718000000000   2.2693000000000   0.5210000000000
C42     3.2260000000000   0.9862000000000   3.2008000000000
C43     3.3329000000000  -1.4517000000000   3.1914000000000
C44     3.8617000000000  -2.5975000000000  -0.0219000000000
C45     6.2447000000000  -2.0744000000000  -0.0762000000000
C46    -4.1441000000000  -0.4279000000000  -2.8320000000000
C47    -5.3132000000000  -1.0345000000000  -2.5980000000000
C48    -6.0741000000000  -0.7205000000000  -1.3727000000000
C49    -3.2417000000000  -0.5633000000000   3.7589000000000
C50    -2.5675000000000   0.1643000000000   4.6570000000000
C51    -2.1786000000000   1.5529000000000   4.3390000000000
C52    -6.7040000000000   4.4711000000000   2.0774000000000
C53    -7.1935000000000   5.0894000000000   0.9961000000000
C54    -6.6185000000000   4.8129000000000  -0.3359000000000
C55     8.0851000000000   1.3172000000000   2.3565000000000
C56     8.2825000000000   2.4819000000000   1.7283000000000
C57     7.2767000000000   2.9833000000000   0.7703000000000
C58     2.5208000000000   0.9078000000000   4.4969000000000
C59     2.2583000000000  -0.2839000000000   5.0455000000000
C60     2.6953000000000  -1.5202000000000   4.3667000000000
C61     4.1876000000000  -3.9403000000000  -0.5437000000000
C62     5.4586000000000  -4.2691000000000  -0.7996000000000
C63     6.5362000000000  -3.2880000000000  -0.5611000000000
C64    -5.8622000000000  -4.2069000000000  -0.0792000000000
C65    -4.6859000000000  -3.4907000000000   0.1355000000000
C66    -3.4301000000000  -4.0943000000000  -0.0188000000000
C67    -3.3781000000000  -5.4559000000000  -0.3565000000000
C68    -4.5518000000000  -6.1728000000000  -0.5683000000000
C69    -5.7971000000000  -5.5523000000000  -0.4363000000000
C70    -2.2391000000000  -3.2411000000000   0.2646000000000
N71    -1.0856000000000  -3.1952000000000  -0.4767000000000
S72    -0.5172000000000  -4.1099000000000  -1.7928000000000
O73     0.6264000000000  -4.9253000000000  -1.3684000000000
O74    -1.6332000000000  -4.7417000000000  -2.4950000000000
C75     0.1392000000000  -2.7372000000000  -2.7909000000000
C76     1.5045000000000  -2.6895000000000  -3.0523000000000
C77     1.9521000000000  -1.6390000000000  -3.8526000000000
C78     1.0244000000000  -0.7160000000000  -4.3298000000000
C79    -0.3201000000000  -0.8668000000000  -3.9817000000000
N80    -0.7658000000000  -1.8724000000000  -3.2244000000000
N81    -0.6270000000000  -2.8642000000000   2.3302000000000
C82     0.4647000000000  -3.5897000000000   2.1170000000000
C83     0.1234000000000  -4.9609000000000   1.9843000000000
C84    -1.2474000000000  -5.0318000000000   2.0762000000000
C85    -1.7522000000000  -3.6888000000000   2.1462000000000
H86     2.4130000000000   4.5852000000000  -1.3194000000000
H87     2.3517000000000   6.9816000000000  -1.4076000000000
H88    -1.8405000000000   7.0187000000000  -0.4342000000000
H89    -3.0142000000000   4.8420000000000   0.0276000000000
H90     0.1759000000000   8.2358000000000  -0.9711000000000
H91     0.3050000000000   3.2989000000000  -3.4666000000000
H92     4.9600000000000   0.5496000000000  -1.9557000000000
H93     4.8652000000000   1.3202000000000  -4.3109000000000
H94     1.3848000000000   3.5052000000000  -5.5895000000000
H95     3.6724000000000   2.5173000000000  -6.0194000000000
H96    -0.4389000000000  -2.3475000000000  -0.3039000000000
H97    -2.6887000000000   1.0615000000000  -2.1044000000000
H98    -6.1435000000000   0.3682000000000   0.4173000000000
H99    -4.1225000000000  -0.5941000000000   1.7343000000000
H100   -2.2166000000000   3.1048000000000   2.9300000000000
H101   -5.2166000000000   3.0208000000000   2.8304000000000
H102   -5.1897000000000   3.7477000000000  -1.4418000000000
H103    6.7189000000000  -0.4074000000000   2.6128000000000
H104    5.4365000000000   2.6621000000000  -0.1671000000000
H105    3.4194000000000   1.9598000000000   2.7670000000000
H106    3.6714000000000  -2.3641000000000   2.7215000000000
H107    2.8284000000000  -2.3487000000000   0.1680000000000
H108    7.0442000000000  -1.3631000000000   0.0760000000000
H109   -3.5894000000000  -0.6499000000000  -3.7342000000000
H110   -5.7058000000000  -1.7518000000000  -3.3069000000000
H111   -7.0258000000000  -1.2030000000000  -1.1918000000000
H112   -3.5361000000000  -1.5770000000000   3.9948000000000
H113   -2.3101000000000  -0.2607000000000   5.6184000000000
H114   -1.6344000000000   2.1396000000000   5.0676000000000
H115   -7.1254000000000   4.6706000000000   3.0541000000000
H116   -8.0116000000000   5.7911000000000   1.0946000000000
H117   -7.0190000000000   5.3115000000000  -1.2090000000000
H118    8.8179000000000   0.9501000000000   3.0634000000000
H119    9.1752000000000   3.0615000000000   1.9249000000000
H120    7.4316000000000   3.9341000000000   0.2769000000000
H121    2.2090000000000   1.8162000000000   4.9957000000000
H122    1.7364000000000  -0.3440000000000   5.9918000000000
H123    2.5085000000000  -2.4815000000000   4.8277000000000
H124    3.3959000000000  -4.6574000000000  -0.7160000000000
H125    5.6995000000000  -5.2519000000000  -1.1834000000000
H126    7.5619000000000  -3.5516000000000  -0.7845000000000
H127   -6.8220000000000  -3.7125000000000   0.0339000000000
H128   -4.7399000000000  -2.4466000000000   0.4209000000000
H129   -2.4252000000000  -5.9577000000000  -0.4633000000000
H130   -4.4934000000000  -7.2221000000000  -0.8403000000000
H131   -6.7084000000000  -6.1183000000000  -0.6046000000000
H132   -2.5285000000000  -2.2300000000000   0.5494000000000
H133    2.1683000000000  -3.4400000000000  -2.6444000000000
H134    3.0060000000000  -1.5439000000000  -4.0956000000000
H135    1.3294000000000   0.1071000000000  -4.9659000000000
H136   -1.0666000000000  -0.1557000000000  -4.3267000000000
H137   -0.6175000000000  -1.7971000000000   2.3288000000000
H138    1.4317000000000  -3.1214000000000   2.0313000000000
H139    0.8224000000000  -5.7653000000000   1.8096000000000
H140   -1.8656000000000  -5.9149000000000   2.0061000000000
H141   -2.6801000000000  -3.4121000000000   2.6309000000000
&
