MAEFILE: B3LYP-SPE-Toru-SiPh3-NTf-Type-I-E-5-chkp-unrestrained-2.mae
&gen
epsout=2.38
radprb=2.76
isolv=2
solvent=other
basis=6-31G**
gdftgrad=-13
gdftmed=-13
rsinglet=0
gdftfine=-13
dftname=B3LYP
iacc=1
&
entry_name: Toru-SiPh3-NTf-Type-I-E-5-chkp-unrestrained-2.1
&zmat
C1     -1.0968000000000   5.5753000000000  -0.7451000000000
C2      0.1023000000000   4.7004000000000  -0.6274000000000
C3     -0.9841000000000   6.8135000000000  -1.2396000000000
C4      1.2940000000000   5.1597000000000  -1.0637000000000
C5      0.0057000000000   3.3165000000000  -0.0743000000000
C6      1.4098000000000   6.5341000000000  -1.6044000000000
C7      2.4850000000000   4.2951000000000  -0.9954000000000
C8      0.3293000000000   7.3182000000000  -1.6832000000000
C9      1.0483000000000   2.4700000000000  -0.2056000000000
C10    -1.2035000000000   2.8929000000000   0.6696000000000
C11     2.3864000000000   3.0238000000000  -0.5753000000000
O12     0.9498000000000   1.1709000000000   0.2339000000000
Si13    3.9381000000000   1.9871000000000  -0.4414000000000
C14    -1.6352000000000   3.5641000000000   1.7628000000000
C15    -2.0263000000000   1.7868000000000   0.1106000000000
C16    -3.0034000000000   3.3184000000000   2.2770000000000
C17    -0.8128000000000   4.5820000000000   2.4655000000000
C18    -3.8083000000000   2.4529000000000   1.6515000000000
C19    -3.4772000000000   4.0992000000000   3.4368000000000
C20    -3.3128000000000   1.6558000000000   0.5051000000000
Si21   -4.5707000000000   0.5818000000000  -0.3615000000000
O22    -1.5028000000000   0.9836000000000  -0.8723000000000
C23    -1.3071000000000   5.2493000000000   3.5150000000000
C24    -2.6780000000000   5.0040000000000   4.0124000000000
P25    -0.1083000000000   0.1803000000000  -0.5272000000000
O26     0.3667000000000  -0.3329000000000  -1.8487000000000
N27    -0.3041000000000  -1.0368000000000   0.5525000000000
C28     3.8796000000000   0.6960000000000  -1.7873000000000
C29     5.4313000000000   3.0645000000000  -0.7010000000000
C30     4.1529000000000   1.2927000000000   1.2809000000000
C31    -5.9944000000000   1.7187000000000  -0.7378000000000
C32    -3.9522000000000  -0.1842000000000  -1.9395000000000
C33    -5.1581000000000  -0.8049000000000   0.7307000000000
C34     4.7645000000000  -0.3150000000000  -1.8223000000000
C35     2.9511000000000   0.8816000000000  -2.9311000000000
C36     6.2183000000000   2.9321000000000  -1.7823000000000
C37     5.7543000000000   4.0948000000000   0.3152000000000
C38     3.2585000000000   1.5376000000000   2.2561000000000
C39     5.3933000000000   0.5485000000000   1.6170000000000
C40    -5.7669000000000   2.8962000000000  -1.3451000000000
C41    -7.3755000000000   1.3679000000000  -0.3250000000000
C42    -3.1872000000000  -1.2856000000000  -1.8885000000000
C43    -4.3696000000000   0.3502000000000  -3.2598000000000
C44    -4.8380000000000  -0.8613000000000   2.0344000000000
C45    -5.9887000000000  -1.8811000000000   0.1378000000000
C46     4.8064000000000  -1.2326000000000  -2.9792000000000
C47     3.9740000000000  -1.0514000000000  -4.0101000000000
C48     2.9986000000000   0.0550000000000  -3.9827000000000
C49     7.3975000000000   3.8066000000000  -1.9532000000000
C50     7.6849000000000   4.7342000000000  -1.0323000000000
C51     6.8225000000000   4.8855000000000   0.1571000000000
C52     3.4608000000000   0.9890000000000   3.6129000000000
C53     4.5580000000000   0.2780000000000   3.8925000000000
C54     5.5772000000000   0.0579000000000   2.8488000000000
C55    -6.8857000000000   3.8198000000000  -1.6234000000000
C56    -8.1309000000000   3.4929000000000  -1.2591000000000
C57    -8.3867000000000   2.2090000000000  -0.5757000000000
C58    -2.7654000000000  -1.9578000000000  -3.1336000000000
C59    -3.1411000000000  -1.4698000000000  -4.3206000000000
C60    -3.9792000000000  -0.2574000000000  -4.3866000000000
C61    -5.3137000000000  -1.9847000000000   2.8688000000000
C62    -6.0581000000000  -2.9554000000000   2.3267000000000
C63    -6.4117000000000  -2.9010000000000   0.8942000000000
C64    -1.3985000000000  -6.6522000000000  -2.0256000000000
C65    -0.1512000000000  -6.0592000000000  -1.8670000000000
C66    -0.0292000000000  -4.8130000000000  -1.2264000000000
C67    -1.1850000000000  -4.1668000000000  -0.7619000000000
C68    -2.4319000000000  -4.7700000000000  -0.9132000000000
C69    -2.5431000000000  -6.0086000000000  -1.5457000000000
C70     1.3212000000000  -4.2822000000000  -0.9840000000000
N71     1.5259000000000  -3.2832000000000  -0.0818000000000
S72     3.1035000000000  -2.9661000000000   0.5317000000000
O73     4.0269000000000  -3.6871000000000  -0.3484000000000
O74     3.1730000000000  -1.5266000000000   0.7253000000000
C75     3.0904000000000  -3.7675000000000   2.1550000000000
C76     2.9765000000000  -2.9746000000000   3.2921000000000
C77     3.0144000000000  -3.6432000000000   4.5170000000000
C78     3.1527000000000  -5.0294000000000   4.5272000000000
C79     3.2331000000000  -5.7108000000000   3.3088000000000
N80     3.2032000000000  -5.0901000000000   2.1253000000000
N81     1.0784000000000  -2.5260000000000  -3.1904000000000
C82     0.4483000000000  -2.9166000000000  -4.2996000000000
C83     0.9960000000000  -4.1367000000000  -4.7530000000000
C84     2.0036000000000  -4.4708000000000  -3.8622000000000
C85     2.0251000000000  -3.4893000000000  -2.8317000000000
H86    -2.0733000000000   5.2179000000000  -0.4458000000000
H87    -1.8586000000000   7.4458000000000  -1.3239000000000
H88     2.3695000000000   6.9086000000000  -1.9383000000000
H89     3.4372000000000   4.7101000000000  -1.2964000000000
H90     0.4140000000000   8.3219000000000  -2.0792000000000
H91     0.2048000000000   4.7835000000000   2.1559000000000
H92    -4.8267000000000   2.3162000000000   1.9970000000000
H93    -4.4764000000000   3.9468000000000   3.8271000000000
H94    -0.6901000000000   5.9824000000000   4.0185000000000
H95    -3.0379000000000   5.5700000000000   4.8620000000000
H96     5.4838000000000  -0.4578000000000  -1.0334000000000
H97     2.2370000000000   1.6940000000000  -2.9346000000000
H98     6.0046000000000   2.1972000000000  -2.5460000000000
H99     5.1252000000000   4.2129000000000   1.1889000000000
H100    2.3885000000000   2.1514000000000   2.0843000000000
H101    6.1777000000000   0.4291000000000   0.8838000000000
H102   -4.7643000000000   3.1853000000000  -1.6363000000000
H103   -7.5797000000000   0.4359000000000   0.1830000000000
H104   -2.8897000000000  -1.7035000000000  -0.9369000000000
H105   -4.9936000000000   1.2287000000000  -3.3297000000000
H106   -4.2229000000000  -0.1034000000000   2.4956000000000
H107   -6.2544000000000  -1.8477000000000  -0.9115000000000
H108    5.5178000000000  -2.0480000000000  -2.9931000000000
H109    4.0036000000000  -1.7230000000000  -4.8583000000000
H110    2.3205000000000   0.1942000000000  -4.8146000000000
H111    8.0275000000000   3.6949000000000  -2.8261000000000
H112    8.5479000000000   5.3752000000000  -1.1569000000000
H113    7.0565000000000   5.6377000000000   0.8994000000000
H114    2.7166000000000   1.1629000000000   4.3793000000000
H115    4.7060000000000  -0.1270000000000   4.8851000000000
H116    6.4846000000000  -0.4807000000000   3.0894000000000
H117   -6.6945000000000   4.7619000000000  -2.1207000000000
H118   -8.9517000000000   4.1689000000000  -1.4609000000000
H119   -9.3942000000000   1.9520000000000  -0.2748000000000
H120   -2.1638000000000  -2.8536000000000  -3.0842000000000
H121   -2.8393000000000  -1.9661000000000  -5.2338000000000
H122   -4.2847000000000   0.1329000000000  -5.3488000000000
H123   -5.0506000000000  -2.0236000000000   3.9179000000000
H124   -6.4025000000000  -3.7811000000000   2.9358000000000
H125   -7.0150000000000  -3.6868000000000   0.4585000000000
H126   -1.4789000000000  -7.6179000000000  -2.5149000000000
H127    0.7389000000000  -6.5627000000000  -2.2321000000000
H128   -1.1159000000000  -3.2050000000000  -0.2711000000000
H129   -3.3136000000000  -4.2679000000000  -0.5281000000000
H130   -3.5169000000000  -6.4750000000000  -1.6620000000000
H131    2.1275000000000  -5.0076000000000  -0.9997000000000
H132    2.8236000000000  -1.9076000000000   3.2109000000000
H133    2.9292000000000  -3.0838000000000   5.4430000000000
H134    3.1881000000000  -5.5825000000000   5.4600000000000
H135    3.3249000000000  -6.7938000000000   3.2812000000000
H136    0.8445000000000  -1.6632000000000  -2.6415000000000
H137   -0.3489000000000  -2.3250000000000  -4.7251000000000
H138    0.6758000000000  -4.6815000000000  -5.6294000000000
H139    2.6622000000000  -5.3276000000000  -3.9096000000000
H140    2.9150000000000  -3.1904000000000  -2.2979000000000
S141   -0.5213000000000  -0.8384000000000   2.1351000000000
O142   -1.4511000000000   0.2394000000000   2.5050000000000
C143   -1.4332000000000  -2.4277000000000   2.5006000000000
O144    0.7110000000000  -0.9769000000000   2.9262000000000
F145   -0.6098000000000  -3.4819000000000   2.3616000000000
F146   -1.8804000000000  -2.3975000000000   3.7584000000000
F147   -2.4777000000000  -2.6065000000000   1.6784000000000
H148    0.8420000000000  -2.5182000000000   0.1106000000000
&
