MAEFILE: Toru-SiPh3-NTf-Type-II-E-Sulfonyl-1-chkp-scan-207-unrestrained-IRC-min-disp-2-SPE.mae
&gen
epsout=2.38
radprb=2.76
solvent=other
isolv=2
basis=6-31G**
gdftgrad=-13
gdftmed=-13
gdftfine=-13
dftname=M06-2X
iacc=1
&
entry_name: Toru-SiPh3-NTf-Type-II-E-Sulfonyl-1-chkp-scan-207-unrestrained-IRC-min-disp-2
&zmat
C1     -5.5394000000000   1.9283000000000   1.2844000000000
C2     -4.1847000000000   2.5064000000000   1.0504000000000
C3     -6.6194000000000   2.7174000000000   1.3115000000000
C4     -4.0797000000000   3.8317000000000   0.8029000000000
C5     -2.9523000000000   1.6524000000000   1.0454000000000
C6     -5.2816000000000   4.6973000000000   0.8424000000000
C7     -2.7806000000000   4.4148000000000   0.4268000000000
C8     -6.4834000000000   4.1686000000000   1.0919000000000
C9     -1.7770000000000   2.1865000000000   0.6198000000000
C10    -3.0451000000000   0.2137000000000   1.4155000000000
C11    -1.7018000000000   3.6355000000000   0.2850000000000
O12    -0.5947000000000   1.4854000000000   0.6769000000000
Si13   -0.1107000000000   4.3423000000000  -0.3822000000000
C14    -3.5348000000000  -0.2187000000000   2.5986000000000
C15    -2.7063000000000  -0.7790000000000   0.3655000000000
C16    -3.8933000000000  -1.6530000000000   2.7600000000000
C17    -3.7687000000000   0.6832000000000   3.7521000000000
C18    -3.7513000000000  -2.5059000000000   1.7336000000000
C19    -4.4628000000000  -2.0964000000000   4.0475000000000
C20    -3.1446000000000  -2.0488000000000   0.4633000000000
Si21   -2.9699000000000  -3.2450000000000  -0.9590000000000
O22    -1.8840000000000  -0.3996000000000  -0.6654000000000
C23    -4.2870000000000   0.2074000000000   4.8905000000000
C24    -4.6456000000000  -1.2201000000000   5.0420000000000
P25    -0.4131000000000   0.0854000000000  -0.1438000000000
O26     0.4650000000000   0.2651000000000  -1.3510000000000
N27     0.0287000000000  -1.0158000000000   0.9594000000000
C28    -0.2291000000000   6.1722000000000  -0.6934000000000
C29     1.2014000000000   3.9538000000000   0.8779000000000
C30     0.2521000000000   3.5815000000000  -2.0403000000000
C31    -1.3137000000000  -4.0985000000000  -0.9044000000000
C32    -4.3365000000000  -4.5083000000000  -0.8585000000000
C33    -3.1665000000000  -2.2542000000000  -2.5296000000000
C34     0.5711000000000   7.0481000000000  -0.0620000000000
C35    -1.1921000000000   6.6660000000000  -1.7076000000000
C36     2.2400000000000   3.1545000000000   0.5850000000000
C37     1.0636000000000   4.4945000000000   2.2514000000000
C38     1.3887000000000   3.8882000000000  -2.6869000000000
C39    -0.7379000000000   2.6885000000000  -2.6931000000000
C40    -0.5502000000000  -4.0534000000000   0.1993000000000
C41    -0.8457000000000  -4.8758000000000  -2.0792000000000
C42    -4.0868000000000  -5.8202000000000  -1.0138000000000
C43    -5.7234000000000  -4.0642000000000  -0.5710000000000
C44    -4.3282000000000  -1.6323000000000  -2.7957000000000
C45    -2.0190000000000  -2.0614000000000  -3.4510000000000
C46     0.4659000000000   8.4936000000000  -0.3523000000000
C47    -0.4158000000000   8.9344000000000  -1.2572000000000
C48    -1.2827000000000   7.9753000000000  -1.9707000000000
C49     3.2596000000000   2.8526000000000   1.6119000000000
C50     3.1410000000000   3.3599000000000   2.8442000000000
C51     1.9868000000000   4.2179000000000   3.1807000000000
C52     1.6768000000000   3.2930000000000  -4.0085000000000
C53     0.7981000000000   2.4580000000000  -4.5746000000000
C54    -0.4726000000000   2.1498000000000  -3.8894000000000
C55     0.7632000000000  -4.7318000000000   0.2238000000000
C56     1.1945000000000  -5.4002000000000  -0.8516000000000
C57     0.3487000000000  -5.4790000000000  -2.0582000000000
C58    -5.1868000000000  -6.8038000000000  -0.9294000000000
C59    -6.4367000000000  -6.3941000000000  -0.6856000000000
C60    -6.7166000000000  -4.9579000000000  -0.4916000000000
C61    -4.4725000000000  -0.8034000000000  -4.0104000000000
C62    -3.4392000000000  -0.6520000000000  -4.8457000000000
C63    -2.1513000000000  -1.3081000000000  -4.5493000000000
C64     5.5152000000000   0.8038000000000  -4.2906000000000
C65     5.3454000000000  -0.3777000000000  -3.5674000000000
C66     4.7702000000000  -0.3548000000000  -2.2921000000000
C67     4.3686000000000   0.8692000000000  -1.7459000000000
C68     4.5503000000000   2.0505000000000  -2.4633000000000
C69     5.1198000000000   2.0214000000000  -3.7374000000000
C70     4.5953000000000  -1.6572000000000  -1.5298000000000
N71     4.7513000000000  -1.4916000000000  -0.0955000000000
S72     5.2678000000000  -2.8981000000000   0.7098000000000
O73     4.1548000000000  -3.8614000000000   0.8183000000000
O74     6.5089000000000  -3.3290000000000   0.0616000000000
C75     5.5748000000000  -2.2081000000000   2.3597000000000
C76     4.5995000000000  -2.3719000000000   3.3397000000000
C77     4.8612000000000  -1.7859000000000   4.5800000000000
C78     6.0612000000000  -1.1036000000000   4.7653000000000
C79     6.9622000000000  -1.0203000000000   3.6993000000000
N80     6.7248000000000  -1.5603000000000   2.5003000000000
N81     2.1164000000000  -1.4976000000000  -2.2050000000000
C82     1.6868000000000  -1.6684000000000  -3.4208000000000
C83     2.4102000000000  -2.7245000000000  -4.0834000000000
C84     3.3180000000000  -3.1834000000000  -3.1886000000000
C85     3.2222000000000  -2.4035000000000  -1.9237000000000
H86    -5.6758000000000   0.8637000000000   1.4139000000000
H87    -7.5996000000000   2.2903000000000   1.4803000000000
H88    -5.1916000000000   5.7619000000000   0.6650000000000
H89    -2.7315000000000   5.4732000000000   0.2131000000000
H90    -7.3610000000000   4.8016000000000   1.1181000000000
H91    -3.5061000000000   1.7320000000000   3.6962000000000
H92    -4.0410000000000  -3.5436000000000   1.8452000000000
H93    -4.7396000000000  -3.1336000000000   4.1943000000000
H94    -4.4450000000000   0.8787000000000   5.7248000000000
H95    -5.0646000000000  -1.5592000000000   5.9807000000000
H96     1.3084000000000   6.7190000000000   0.6559000000000
H97    -1.8273000000000   5.9682000000000  -2.2392000000000
H98     2.3389000000000   2.7086000000000  -0.3925000000000
H99     0.2154000000000   5.1172000000000   2.5075000000000
H100    2.1111000000000   4.5643000000000  -2.2463000000000
H101   -1.6797000000000   2.4632000000000  -2.2119000000000
H102   -0.8851000000000  -3.5349000000000   1.0871000000000
H103   -1.4675000000000  -4.9543000000000  -2.9622000000000
H104   -3.0882000000000  -6.1837000000000  -1.2064000000000
H105   -5.9386000000000  -3.0191000000000  -0.3943000000000
H106   -5.1695000000000  -1.7098000000000  -2.1237000000000
H107   -1.0587000000000  -2.5000000000000  -3.2319000000000
H108    1.1063000000000   9.1942000000000   0.1678000000000
H109   -0.4925000000000   9.9926000000000  -1.4712000000000
H110   -1.9883000000000   8.3337000000000  -2.7090000000000
H111    4.1001000000000   2.2165000000000   1.3670000000000
H112    3.8840000000000   3.1353000000000   3.5985000000000
H113    1.8858000000000   4.6155000000000   4.1822000000000
H114    2.6019000000000   3.5327000000000  -4.5160000000000
H115    1.0103000000000   2.0173000000000  -5.5401000000000
H116   -1.1927000000000   1.4953000000000  -4.3615000000000
H117    1.3758000000000  -4.6884000000000   1.1140000000000
H118    2.1589000000000  -5.8912000000000  -0.8363000000000
H119    0.6922000000000  -6.0349000000000  -2.9209000000000
H120   -4.9778000000000  -7.8569000000000  -1.0663000000000
H121   -7.2427000000000  -7.1137000000000  -0.6229000000000
H122   -7.7252000000000  -4.6313000000000  -0.2733000000000
H123   -5.4155000000000  -0.3149000000000  -4.2193000000000
H124   -3.5412000000000  -0.0410000000000  -5.7332000000000
H125   -1.3097000000000  -1.1638000000000  -5.2144000000000
H126    5.9702000000000   0.7725000000000  -5.2762000000000
H127    5.6797000000000  -1.3209000000000  -3.9927000000000
H128    3.9261000000000   0.9003000000000  -0.7569000000000
H129    4.2501000000000   2.9962000000000  -2.0237000000000
H130    5.2605000000000   2.9440000000000  -4.2926000000000
H131    5.3888000000000  -2.3425000000000  -1.8405000000000
H132    3.6732000000000  -2.8921000000000   3.1280000000000
H133    4.1299000000000  -1.8575000000000   5.3785000000000
H134    6.2999000000000  -0.6351000000000   5.7147000000000
H135    7.9075000000000  -0.4940000000000   3.8095000000000
H136    1.6178000000000  -0.7730000000000  -1.5987000000000
H137    0.8795000000000  -1.0522000000000  -3.7979000000000
H138    2.2301000000000  -3.0651000000000  -5.0931000000000
H139    4.0330000000000  -3.9845000000000  -3.3282000000000
H140    2.9755000000000  -3.0509000000000  -1.0704000000000
S141    1.3040000000000  -1.0296000000000   1.8750000000000
O142    2.4832000000000  -0.3345000000000   1.2833000000000
C143    0.8849000000000  -0.0055000000000   3.3877000000000
O144    1.5264000000000  -2.3634000000000   2.4420000000000
F145    0.7550000000000   1.2901000000000   3.1018000000000
F146   -0.2615000000000  -0.4447000000000   3.9228000000000
F147    1.8645000000000  -0.1470000000000   4.2948000000000
H148    3.9453000000000  -1.0822000000000   0.4002000000000
&
