MAEFILE: Toru-SiPh3-Type-II-E-1-scan-unrestrained-SPE.mae
&gen
epsout=2.38
radprb=2.76
solvent=other
isolv=2
basis=6-31G**
gdftgrad=-13
gdftmed=-13
gdftfine=-13
dftname=M06-2X
iacc=1
&
entry_name: Toru-SiPh3-Type-II-E-1-scan-unrestrained
&zmat
C1     -0.3979000000000   5.0426000000000   1.9311000000000
C2     -1.3053000000000   4.0288000000000   1.3277000000000
C3     -0.8609000000000   5.9076000000000   2.8409000000000
C4     -2.5902000000000   3.9679000000000   1.7429000000000
C5     -0.8139000000000   3.0467000000000   0.3157000000000
C6     -3.0939000000000   4.9342000000000   2.7462000000000
C7     -3.4945000000000   2.9349000000000   1.2018000000000
C8     -2.2737000000000   5.8557000000000   3.2626000000000
C9     -1.6104000000000   2.0309000000000  -0.0679000000000
C10     0.5377000000000   3.1658000000000  -0.2859000000000
C11    -3.0442000000000   2.0161000000000   0.3337000000000
O12    -1.0939000000000   1.0298000000000  -0.8491000000000
Si13   -4.2606000000000   0.7773000000000  -0.3525000000000
C14     0.8958000000000   4.2618000000000  -0.9984000000000
C15     1.5184000000000   2.0483000000000  -0.1025000000000
C16     2.2974000000000   4.4141000000000  -1.4566000000000
C17    -0.0584000000000   5.3436000000000  -1.3605000000000
C18     3.2020000000000   3.4698000000000  -1.1821000000000
C19     2.6765000000000   5.6351000000000  -2.1961000000000
C20     2.8114000000000   2.2389000000000  -0.4593000000000
Si21    4.1257000000000   0.9369000000000  -0.1779000000000
O22     1.1554000000000   0.9054000000000   0.5774000000000
C23     0.3552000000000   6.4196000000000  -2.0401000000000
C24     1.7628000000000   6.5737000000000  -2.4630000000000
P25    -0.1228000000000   0.0105000000000   0.0034000000000
O26    -0.8251000000000  -0.4892000000000   1.2492000000000
O27     0.3676000000000  -1.0170000000000  -0.9920000000000
C28    -4.6109000000000  -0.5146000000000   0.9488000000000
C29    -5.8239000000000   1.7240000000000  -0.7369000000000
C30    -3.6287000000000   0.0063000000000  -1.9333000000000
C31     4.2020000000000   0.4635000000000   1.6304000000000
C32     3.7681000000000  -0.4639000000000  -1.3631000000000
C33     5.8001000000000   1.6415000000000  -0.5694000000000
C34    -4.0092000000000  -0.4658000000000   2.1505000000000
C35    -5.6006000000000  -1.5871000000000   0.6783000000000
C36    -5.7906000000000   2.7673000000000  -1.5845000000000
C37    -7.1044000000000   1.3816000000000  -0.0662000000000
C38    -3.1795000000000   0.7841000000000  -2.9348000000000
C39    -3.6044000000000  -1.4674000000000  -2.1023000000000
C40     3.4889000000000   1.1382000000000   2.5520000000000
C41     5.1576000000000  -0.5762000000000   2.0880000000000
C42     4.4453000000000  -1.6229000000000  -1.3029000000000
C43     2.8249000000000  -0.2427000000000  -2.4900000000000
C44     6.3136000000000   2.6093000000000   0.2086000000000
C45     6.5760000000000   1.1556000000000  -1.7369000000000
C46    -4.3374000000000  -1.4627000000000   3.1901000000000
C47    -5.2290000000000  -2.4276000000000   2.9375000000000
C48    -5.8886000000000  -2.4948000000000   1.6188000000000
C49    -7.0198000000000   3.5316000000000  -1.8808000000000
C50    -8.1733000000000   3.2017000000000  -1.2905000000000
C51    -8.2156000000000   2.0790000000000  -0.3337000000000
C52    -2.6707000000000   0.1798000000000  -4.1832000000000
C53    -2.6578000000000  -1.1492000000000  -4.3279000000000
C54    -3.1466000000000  -2.0124000000000  -3.2362000000000
C55     3.5772000000000   0.7756000000000   3.9816000000000
C56     4.3922000000000  -0.2082000000000   4.3747000000000
C57     5.2330000000000  -0.9055000000000   3.3834000000000
C58     4.1984000000000  -2.6892000000000  -2.2954000000000
C59     3.3372000000000  -2.4862000000000  -3.2970000000000
C60     2.6285000000000  -1.1973000000000  -3.4069000000000
C61     7.6428000000000   3.1797000000000  -0.0927000000000
C62     8.3402000000000   2.7352000000000  -1.1446000000000
C63     7.7800000000000   1.6752000000000  -2.0071000000000
C64    -0.2224000000000  -6.0681000000000  -3.8825000000000
C65    -0.0939000000000  -5.8297000000000  -2.5156000000000
C66     0.0825000000000  -4.5218000000000  -2.0359000000000
C67     0.1029000000000  -3.4492000000000  -2.9422000000000
C68    -0.0267000000000  -3.6963000000000  -4.3061000000000
C69    -0.1871000000000  -5.0006000000000  -4.7807000000000
C70     0.2656000000000  -4.3516000000000  -0.5733000000000
N71     1.1308000000000  -3.4315000000000  -0.0722000000000
S72     2.1030000000000  -3.8023000000000   1.3031000000000
O73     2.0769000000000  -5.2567000000000   1.4178000000000
O74     3.3306000000000  -3.0421000000000   1.0985000000000
C75     1.2882000000000  -3.0724000000000   2.7575000000000
C76     1.3145000000000  -1.6893000000000   2.9050000000000
C77     0.6950000000000  -1.1662000000000   4.0392000000000
C78     0.1260000000000  -2.0429000000000   4.9598000000000
C79     0.1775000000000  -3.4162000000000   4.7027000000000
N80     0.7386000000000  -3.9330000000000   3.6036000000000
N81    -1.6903000000000  -3.0171000000000   1.1389000000000
C82    -2.2708000000000  -3.8274000000000   2.0342000000000
C83    -2.7235000000000  -4.9955000000000   1.3939000000000
C84    -2.3968000000000  -4.8612000000000   0.0498000000000
C85    -1.6851000000000  -3.6358000000000  -0.1049000000000
H86     0.6465000000000   5.0854000000000   1.6522000000000
H87    -0.1973000000000   6.6430000000000   3.2773000000000
H88    -4.1277000000000   4.8968000000000   3.0666000000000
H89    -4.5315000000000   2.9313000000000   1.5165000000000
H90    -2.6419000000000   6.5604000000000   3.9969000000000
H91    -1.1064000000000   5.2729000000000  -1.1007000000000
H92     4.2218000000000   3.5972000000000  -1.5207000000000
H93     3.6983000000000   5.7792000000000  -2.5267000000000
H94    -0.3565000000000   7.1940000000000  -2.2963000000000
H95     2.0544000000000   7.4634000000000  -3.0063000000000
H96     1.0897000000000  -2.4358000000000  -0.4181000000000
H97    -3.2865000000000   0.3022000000000   2.3873000000000
H98    -6.1032000000000  -1.6340000000000  -0.2797000000000
H99    -4.8676000000000   3.0809000000000  -2.0485000000000
H100   -7.1545000000000   0.5836000000000   0.6590000000000
H101   -3.1455000000000   1.8591000000000  -2.8342000000000
H102   -3.9383000000000  -2.1200000000000  -1.3114000000000
H103    2.8469000000000   1.9618000000000   2.2771000000000
H104    5.8318000000000  -1.0501000000000   1.3928000000000
H105    5.1953000000000  -1.7952000000000  -0.5511000000000
H106    2.2971000000000   0.6953000000000  -2.5934000000000
H107    5.7630000000000   2.9851000000000   1.0624000000000
H108    6.1757000000000   0.3881000000000  -2.3849000000000
H109   -3.8482000000000  -1.4143000000000   4.1544000000000
H110   -5.4649000000000  -3.1623000000000   3.6963000000000
H111   -6.6112000000000  -3.2749000000000   1.4179000000000
H112   -6.9830000000000   4.3612000000000  -2.5750000000000
H113   -9.0743000000000   3.7619000000000  -1.5047000000000
H114   -9.1458000000000   1.8292000000000   0.1601000000000
H115   -2.3065000000000   0.8162000000000  -4.9793000000000
H116   -2.2863000000000  -1.5937000000000  -5.2419000000000
H117   -3.1221000000000  -3.0887000000000  -3.3504000000000
H118    2.9731000000000   1.3032000000000   4.7083000000000
H119    4.4536000000000  -0.4791000000000   5.4206000000000
H120    5.9334000000000  -1.6627000000000   3.7115000000000
H121    4.7251000000000  -3.6312000000000  -2.2149000000000
H122    3.1589000000000  -3.2641000000000  -4.0282000000000
H123    1.9422000000000  -1.0295000000000  -4.2269000000000
H124    8.0502000000000   3.9578000000000   0.5398000000000
H125    9.3140000000000   3.1521000000000  -1.3670000000000
H126    8.3445000000000   1.3228000000000  -2.8607000000000
H127   -0.3443000000000  -7.0846000000000  -4.2438000000000
H128   -0.1100000000000  -6.6619000000000  -1.8166000000000
H129    0.2088000000000  -2.4329000000000  -2.5739000000000
H130   -0.0006000000000  -2.8638000000000  -5.0022000000000
H131   -0.2858000000000  -5.1838000000000  -5.8465000000000
H132    0.2718000000000  -5.2794000000000  -0.0084000000000
H133    1.7773000000000  -1.0500000000000   2.1664000000000
H134    0.6527000000000  -0.0926000000000   4.1837000000000
H135   -0.3567000000000  -1.6760000000000   5.8598000000000
H136   -0.2528000000000  -4.1303000000000   5.4014000000000
H137   -1.3496000000000  -2.0237000000000   1.2758000000000
H138   -2.3184000000000  -3.5613000000000   3.0803000000000
H139   -3.2040000000000  -5.8337000000000   1.8771000000000
H140   -2.5820000000000  -5.5697000000000  -0.7455000000000
H141   -1.6377000000000  -2.9981000000000  -0.9716000000000
&
