MAEFILE: Toru-SiPh3-Type-II-E-1-scan-unrestrained-IRC-max-disp-optimise-2.1-SPE.mae
&gen
epsout=2.38
radprb=2.76
solvent=other
isolv=2
basis=6-31G**
gdftgrad=-13
gdftmed=-13
gdftfine=-13
dftname=M06-2X
iacc=1
&
entry_name: Toru-SiPh3-Type-II-E-1-scan-unrestrained-IRC-max-disp-optimise-2.1
&zmat
C1      0.0414000000000   5.4641000000000  -0.8351000000000
C2      1.0379000000000   4.3898000000000  -0.5695000000000
C3      0.4095000000000   6.5886000000000  -1.4600000000000
C4      2.3056000000000   4.5500000000000  -1.0077000000000
C5      0.6548000000000   3.1218000000000   0.1214000000000
C6      2.7044000000000   5.8015000000000  -1.6927000000000
C7      3.2965000000000   3.4763000000000  -0.8096000000000
C8      1.8051000000000   6.7687000000000  -1.9023000000000
C9      1.5254000000000   2.0926000000000   0.1608000000000
C10    -0.6799000000000   2.9701000000000   0.7481000000000
C11     2.9430000000000   2.3127000000000  -0.2424000000000
O12     1.1428000000000   0.8946000000000   0.7100000000000
Si13    4.2595000000000   1.0173000000000   0.0280000000000
C14    -1.1038000000000   3.7915000000000   1.7365000000000
C15    -1.6035000000000   1.9388000000000   0.1968000000000
C16    -2.5281000000000   3.7638000000000   2.1485000000000
C17    -0.2095000000000   4.7533000000000   2.4301000000000
C18    -3.3917000000000   2.9540000000000   1.5254000000000
C19    -2.9776000000000   4.6848000000000   3.2113000000000
C20    -2.9248000000000   2.0260000000000   0.4700000000000
Si21   -4.2168000000000   0.9977000000000  -0.4024000000000
O22    -1.1282000000000   1.0004000000000  -0.6914000000000
C23    -0.6877000000000   5.5593000000000   3.3854000000000
C24    -2.1108000000000   5.5256000000000   3.7863000000000
P25     0.0752000000000   0.0273000000000  -0.1687000000000
O26     0.6368000000000  -0.7072000000000  -1.3291000000000
O27    -0.4847000000000  -0.8508000000000   1.0259000000000
C28     4.3826000000000  -0.0509000000000  -1.4941000000000
C29     5.8711000000000   1.9146000000000   0.3005000000000
C30     3.9077000000000   0.0218000000000   1.5653000000000
C31    -3.7381000000000   0.7573000000000  -2.1946000000000
C32    -4.4426000000000  -0.5968000000000   0.5366000000000
C33    -5.8008000000000   1.9766000000000  -0.3884000000000
C34     3.5036000000000   0.0837000000000  -2.5024000000000
C35     5.5091000000000  -1.0060000000000  -1.6370000000000
C36     6.0703000000000   2.6152000000000   1.4302000000000
C37     6.9232000000000   1.9158000000000  -0.7472000000000
C38     3.3937000000000   0.6213000000000   2.6542000000000
C39     4.2377000000000  -1.4224000000000   1.6247000000000
C40    -3.0768000000000   1.7313000000000  -2.8465000000000
C41    -4.1036000000000  -0.4789000000000  -2.9304000000000
C42    -5.3930000000000  -1.4782000000000   0.1803000000000
C43    -3.5984000000000  -0.8835000000000   1.7233000000000
C44    -5.8855000000000   3.1232000000000  -1.0845000000000
C45    -6.9608000000000   1.5345000000000   0.4256000000000
C46     3.6556000000000  -0.7149000000000  -3.7361000000000
C47     4.6859000000000  -1.5581000000000  -3.8665000000000
C48     5.6570000000000  -1.7119000000000  -2.7646000000000
C49     7.3390000000000   3.3416000000000   1.6448000000000
C50     8.2912000000000   3.3203000000000   0.7056000000000
C51     8.0699000000000   2.5784000000000  -0.5512000000000
C52     3.1365000000000  -0.1551000000000   3.8846000000000
C53     3.4384000000000  -1.4569000000000   3.9302000000000
C54     4.0211000000000  -2.1191000000000   2.7478000000000
C55    -2.6694000000000   1.5485000000000  -4.2546000000000
C56    -2.9743000000000   0.4172000000000  -4.8988000000000
C57    -3.7320000000000  -0.6425000000000  -4.2061000000000
C58    -5.5567000000000  -2.7424000000000   0.9281000000000
C59    -4.7754000000000  -3.0043000000000   1.9820000000000
C60    -3.7574000000000  -2.0236000000000   2.4060000000000
C61    -7.1313000000000   3.9174000000000  -1.0656000000000
C62    -8.1785000000000   3.5050000000000  -0.3427000000000
C63    -8.0869000000000   2.2585000000000   0.4431000000000
C64    -0.3665000000000  -5.5703000000000   4.9050000000000
C65    -0.8757000000000  -5.5448000000000   3.6098000000000
C66    -0.8092000000000  -4.3701000000000   2.8400000000000
C67    -0.2380000000000  -3.2093000000000   3.3979000000000
C68     0.2587000000000  -3.2385000000000   4.6954000000000
C69     0.2007000000000  -4.4162000000000   5.4483000000000
C70    -1.3705000000000  -4.4147000000000   1.4941000000000
N71    -1.2804000000000  -3.4553000000000   0.6371000000000
S72    -2.1663000000000  -3.6865000000000  -0.8377000000000
O73    -3.0839000000000  -4.8211000000000  -0.6919000000000
O74    -2.6495000000000  -2.3442000000000  -1.1555000000000
C75    -0.8966000000000  -4.1021000000000  -2.0590000000000
C76    -0.6164000000000  -3.1780000000000  -3.0611000000000
C77     0.2907000000000  -3.5844000000000  -4.0419000000000
C78     0.8620000000000  -4.8505000000000  -3.9479000000000
C79     0.5163000000000  -5.6733000000000  -2.8705000000000
N80    -0.3664000000000  -5.3120000000000  -1.9358000000000
N81     2.3426000000000  -3.1329000000000  -0.8366000000000
C82     3.2343000000000  -3.8979000000000  -1.5449000000000
C83     3.6646000000000  -4.9257000000000  -0.7307000000000
C84     3.0019000000000  -4.7755000000000   0.5199000000000
C85     2.1929000000000  -3.6625000000000   0.4194000000000
H86    -0.9928000000000   5.3452000000000  -0.5412000000000
H87    -0.3187000000000   7.3661000000000  -1.6518000000000
H88     3.7252000000000   5.9370000000000  -2.0279000000000
H89     4.3159000000000   3.6457000000000  -1.1338000000000
H90     2.0966000000000   7.6822000000000  -2.4044000000000
H91     0.8448000000000   4.8037000000000   2.1900000000000
H92    -4.4363000000000   2.9592000000000   1.8124000000000
H93    -4.0134000000000   4.6888000000000   3.5293000000000
H94    -0.0191000000000   6.2493000000000   3.8841000000000
H95    -2.4539000000000   6.1965000000000   4.5633000000000
H96    -0.7942000000000  -1.7675000000000   0.7674000000000
H97     2.6823000000000   0.7844000000000  -2.4409000000000
H98     6.2354000000000  -1.1149000000000  -0.8415000000000
H99     5.3114000000000   2.6627000000000   2.1984000000000
H100    6.7672000000000   1.4058000000000  -1.6871000000000
H101    3.1499000000000   1.6760000000000   2.6459000000000
H102    4.6544000000000  -1.9286000000000   0.7677000000000
H103   -2.8134000000000   2.6558000000000  -2.3489000000000
H104   -4.6682000000000  -1.2621000000000  -2.4513000000000
H105   -6.0619000000000  -1.2714000000000  -0.6446000000000
H106   -2.8552000000000  -0.1722000000000   2.0553000000000
H107   -5.0476000000000   3.4858000000000  -1.6645000000000
H108   -6.9044000000000   0.6389000000000   1.0277000000000
H109    2.9369000000000  -0.6075000000000  -4.5381000000000
H110    4.8020000000000  -2.1391000000000  -4.7722000000000
H111    6.4863000000000  -2.3992000000000  -2.8705000000000
H112    7.4951000000000   3.8913000000000   2.5640000000000
H113    9.2205000000000   3.8529000000000   0.8608000000000
H114    8.8329000000000   2.5826000000000  -1.3190000000000
H115    2.7081000000000   0.3338000000000   4.7498000000000
H116    3.2576000000000  -2.0269000000000   4.8322000000000
H117    4.2656000000000  -3.1725000000000   2.7896000000000
H118   -2.1189000000000   2.3307000000000  -4.7611000000000
H119   -2.6736000000000   0.2794000000000  -5.9294000000000
H120   -3.9922000000000  -1.5502000000000  -4.7353000000000
H121   -6.3095000000000  -3.4560000000000   0.6197000000000
H122   -4.8910000000000  -3.9311000000000   2.5288000000000
H123   -3.1406000000000  -2.2292000000000   3.2711000000000
H124   -7.1932000000000   4.8342000000000  -1.6375000000000
H125   -9.0913000000000   4.0864000000000  -0.3266000000000
H126   -8.9298000000000   1.9374000000000   1.0413000000000
H127   -0.4155000000000  -6.4833000000000   5.4898000000000
H128   -1.3239000000000  -6.4374000000000   3.1823000000000
H129   -0.2014000000000  -2.2894000000000   2.8264000000000
H130    0.6881000000000  -2.3394000000000   5.1254000000000
H131    0.5933000000000  -4.4307000000000   6.4607000000000
H132   -1.9173000000000  -5.3234000000000   1.2237000000000
H133   -1.0761000000000  -2.1985000000000  -3.0578000000000
H134    0.5493000000000  -2.9149000000000  -4.8564000000000
H135    1.5752000000000  -5.1999000000000  -4.6872000000000
H136    0.9640000000000  -6.6565000000000  -2.7555000000000
H137    1.8641000000000  -2.2957000000000  -1.1619000000000
H138    3.4729000000000  -3.6709000000000  -2.5711000000000
H139    4.3724000000000  -5.6961000000000  -1.0044000000000
H140    3.1090000000000  -5.4036000000000   1.3933000000000
H141    1.5487000000000  -3.1896000000000   1.1430000000000
&
