MAEFILE: B3LYP-SPE-Toru-SiPh3-NTf-Type-I-E-1-chkp-scan-unrestrained.mol.mae
&gen
epsout=2.38
radprb=2.76
isolv=2
solvent=other
basis=6-31G**
gdftgrad=-13
gdftmed=-13
rsinglet=0
gdftfine=-13
dftname=B3LYP
iacc=1
&
entry_name: Toru-SiPh3-NTf-Type-I-E-1-chkp-scan-unrestrained.1
&zmat
C1     -2.1777000000000   5.2396000000000   0.6808000000000
C2     -2.7417000000000   3.8845000000000   0.4222000000000
C3     -2.9090000000000   6.1702000000000   1.3047000000000
C4     -3.9815000000000   3.5979000000000   0.8758000000000
C5     -1.9506000000000   2.8231000000000  -0.2742000000000
C6     -4.7853000000000   4.6377000000000   1.5595000000000
C7     -4.5271000000000   2.2376000000000   0.7263000000000
C8     -4.2776000000000   5.8586000000000   1.7562000000000
C9     -2.4252000000000   1.5618000000000  -0.3293000000000
C10    -0.6095000000000   3.1220000000000  -0.8319000000000
C11    -3.8001000000000   1.2620000000000   0.1609000000000
O12    -1.6682000000000   0.5795000000000  -0.9136000000000
Si13   -4.5467000000000  -0.4466000000000   0.0939000000000
C14    -0.4241000000000   4.0683000000000  -1.7793000000000
C15     0.5735000000000   2.4744000000000  -0.1959000000000
C16     0.9425000000000   4.5829000000000  -2.0373000000000
C17    -1.5410000000000   4.6685000000000  -2.5508000000000
C18     1.9737000000000   4.1471000000000  -1.3029000000000
C19     1.1220000000000   5.6344000000000  -3.0578000000000
C20     1.7806000000000   3.0754000000000  -0.2973000000000
Si21    3.2504000000000   2.5582000000000   0.7330000000000
O22     0.4114000000000   1.3635000000000   0.6027000000000
C23    -1.3035000000000   5.6244000000000  -3.4569000000000
C24     0.0655000000000   6.1192000000000  -3.7199000000000
P25    -0.3969000000000   0.0719000000000  -0.0204000000000
O26    -0.8348000000000  -0.7153000000000   1.1832000000000
N27     0.5013000000000  -0.8356000000000  -1.0270000000000
C28    -4.4279000000000  -1.2077000000000   1.7949000000000
C29    -6.3329000000000  -0.2135000000000  -0.4026000000000
C30    -3.7359000000000  -1.5429000000000  -1.1784000000000
C31     3.9151000000000   0.9706000000000   0.0326000000000
C32     4.5577000000000   3.8791000000000   0.6695000000000
C33     2.8354000000000   2.4306000000000   2.5445000000000
C34    -4.9017000000000  -2.4447000000000   2.0256000000000
C35    -3.8268000000000  -0.4420000000000   2.9158000000000
C36    -7.3418000000000  -0.7577000000000   0.3008000000000
C37    -6.6501000000000   0.6453000000000  -1.5715000000000
C38    -3.7909000000000  -1.2231000000000  -2.4824000000000
C39    -3.0878000000000  -2.8159000000000  -0.7748000000000
C40     3.9264000000000  -0.1597000000000   0.7539000000000
C41     4.4732000000000   0.9627000000000  -1.3409000000000
C42     4.2445000000000   5.1381000000000   1.0199000000000
C43     5.9542000000000   3.5557000000000   0.2870000000000
C44     3.7783000000000   2.0226000000000   3.4114000000000
C45     1.5161000000000   2.8716000000000   3.0630000000000
C46    -4.8392000000000  -3.0284000000000   3.3812000000000
C47    -4.3189000000000  -2.3227000000000   4.3912000000000
C48    -3.7884000000000  -0.9667000000000   4.1467000000000
C49    -8.7436000000000  -0.5443000000000  -0.1165000000000
C50    -9.0187000000000   0.2099000000000  -1.1862000000000
C51    -7.9208000000000   0.8408000000000  -1.9438000000000
C52    -3.2652000000000  -2.1532000000000  -3.5026000000000
C53    -2.7188000000000  -3.3160000000000  -3.1321000000000
C54    -2.6168000000000  -3.6582000000000  -1.7011000000000
C55     4.4971000000000  -1.4003000000000   0.1902000000000
C56     5.0274000000000  -1.3939000000000  -1.0377000000000
C57     5.0145000000000  -0.1548000000000  -1.8415000000000
C58     5.2726000000000   6.1986000000000   0.9851000000000
C59     6.5260000000000   5.9052000000000   0.6203000000000
C60     6.8843000000000   4.5185000000000   0.2604000000000
C61     3.4856000000000   1.9595000000000   4.8584000000000
C62     2.2830000000000   2.3268000000000   5.3152000000000
C63     1.2534000000000   2.8118000000000   4.3744000000000
C64     3.3923000000000  -3.4887000000000   4.3562000000000
C65     2.7973000000000  -4.0784000000000   3.2451000000000
C66     1.9668000000000  -3.3290000000000   2.3924000000000
C67     1.7147000000000  -1.9835000000000   2.6991000000000
C68     2.2879000000000  -1.4079000000000   3.8327000000000
C69     3.1344000000000  -2.1485000000000   4.6558000000000
C70     1.3832000000000  -4.0413000000000   1.2347000000000
N71     1.3435000000000  -3.5052000000000  -0.0285000000000
S72     1.2724000000000  -4.5891000000000  -1.3638000000000
O73     0.9307000000000  -5.8948000000000  -0.7890000000000
O74     0.4514000000000  -3.9742000000000  -2.3960000000000
C75     2.9876000000000  -4.6450000000000  -1.9420000000000
C76     3.2972000000000  -4.1353000000000  -3.1980000000000
C77     4.6239000000000  -4.2703000000000  -3.6103000000000
C78     5.5386000000000  -4.8850000000000  -2.7578000000000
C79     5.1022000000000  -5.3334000000000  -1.5078000000000
N80     3.8352000000000  -5.2199000000000  -1.0972000000000
N81    -1.0286000000000  -3.1588000000000   2.2128000000000
C82    -1.0927000000000  -3.1796000000000   3.5429000000000
C83    -0.8173000000000  -4.4840000000000   4.0159000000000
C84    -0.5402000000000  -5.2535000000000   2.9029000000000
C85    -0.5674000000000  -4.4007000000000   1.7531000000000
H86    -1.1666000000000   5.4864000000000   0.3878000000000
H87    -2.4931000000000   7.1520000000000   1.4914000000000
H88    -5.7866000000000   4.4119000000000   1.9050000000000
H89    -5.5188000000000   2.0314000000000   1.1119000000000
H90    -4.8648000000000   6.6172000000000   2.2574000000000
H91    -2.5589000000000   4.3286000000000  -2.4070000000000
H92     2.9630000000000   4.5510000000000  -1.4765000000000
H93     2.1096000000000   6.0256000000000  -3.2718000000000
H94    -2.1294000000000   6.0450000000000  -4.0162000000000
H95     0.2108000000000   6.8923000000000  -4.4634000000000
H96    -5.3436000000000  -3.0266000000000   1.2262000000000
H97    -3.4162000000000   0.5449000000000   2.7537000000000
H98    -7.1597000000000  -1.3552000000000   1.1798000000000
H99    -5.8600000000000   1.1475000000000  -2.1127000000000
H100   -4.2361000000000  -0.2968000000000  -2.8120000000000
H101   -2.9912000000000  -3.0806000000000   0.2660000000000
H102    3.5384000000000  -0.1752000000000   1.7574000000000
H103    4.4572000000000   1.8652000000000  -1.9392000000000
H104    3.2365000000000   5.3946000000000   1.3225000000000
H105    6.2399000000000   2.5417000000000   0.0453000000000
H106    4.7625000000000   1.7331000000000   3.0641000000000
H107    0.7647000000000   3.2707000000000   2.3969000000000
H108   -5.2216000000000  -4.0257000000000   3.5556000000000
H109   -4.2740000000000  -2.7477000000000   5.3855000000000
H110   -3.3524000000000  -0.4053000000000   4.9628000000000
H111   -9.5475000000000  -1.0003000000000   0.4469000000000
H112  -10.0449000000000   0.3678000000000  -1.4917000000000
H113   -8.1472000000000   1.4743000000000  -2.7917000000000
H114   -3.3288000000000  -1.8929000000000  -4.5512000000000
H115   -2.3354000000000  -3.9998000000000  -3.8783000000000
H116   -2.1560000000000  -4.5910000000000  -1.4037000000000
H117    4.4970000000000  -2.3093000000000   0.7780000000000
H118    5.4602000000000  -2.2956000000000  -1.4470000000000
H119    5.4290000000000  -0.1576000000000  -2.8411000000000
H120    5.0084000000000   7.2129000000000   1.2549000000000
H121    7.2806000000000   6.6806000000000   0.5949000000000
H122    7.9037000000000   4.2813000000000  -0.0152000000000
H123    4.2444000000000   1.6093000000000   5.5459000000000
H124    2.0653000000000   2.2780000000000   6.3742000000000
H125    0.2919000000000   3.1364000000000   4.7508000000000
H126    4.0509000000000  -4.0749000000000   4.9898000000000
H127    2.9913000000000  -5.1235000000000   3.0199000000000
H128    1.0615000000000  -1.3844000000000   2.0750000000000
H129    2.0666000000000  -0.3715000000000   4.0600000000000
H130    3.5872000000000  -1.6873000000000   5.5285000000000
H131    1.6490000000000  -5.0920000000000   1.1951000000000
H132    2.5438000000000  -3.6368000000000  -3.7928000000000
H133    4.9345000000000  -3.8911000000000  -4.5784000000000
H134    6.5781000000000  -5.0059000000000  -3.0442000000000
H135    5.7940000000000  -5.8001000000000  -0.8109000000000
H136   -1.0645000000000  -2.2703000000000   1.6605000000000
H137   -1.2922000000000  -2.2774000000000   4.1027000000000
H138   -0.8148000000000  -4.7883000000000   5.0524000000000
H139   -0.2901000000000  -6.3055000000000   2.8761000000000
H140   -0.8447000000000  -4.7348000000000   0.7631000000000
S141    1.2586000000000  -0.3841000000000  -2.3729000000000
O142    2.3079000000000  -1.3730000000000  -2.6538000000000
C143    0.0722000000000  -0.5902000000000  -3.8081000000000
O144    1.5788000000000   1.0493000000000  -2.4503000000000
F145   -0.2250000000000  -1.8706000000000  -4.0236000000000
F146   -1.0549000000000   0.1003000000000  -3.6096000000000
F147    0.6791000000000  -0.1076000000000  -4.9033000000000
H148    1.1353000000000  -2.5118000000000  -0.2688000000000
&
