MAEFILE: B3LYP-SPE-Toru-SiPh3-Type-I-E-3-chkp-unrestrained2.mae
&gen
epsout=2.38
radprb=2.76
isolv=2
solvent=other
basis=6-31G**
gdftgrad=-13
gdftmed=-13
rsinglet=0
gdftfine=-13
dftname=B3LYP
iacc=1
&
entry_name: Toru-SiPh3-Type-I-E-3-chkp-unrestrained2.1
&zmat
C1     -0.3988000000000  -5.3605000000000  -0.7242000000000
C2     -1.3105000000000  -4.1906000000000  -0.5811000000000
C3     -0.8596000000000  -6.5250000000000  -1.1950000000000
C4     -2.5953000000000  -4.3127000000000  -0.9786000000000
C5     -0.8246000000000  -2.8787000000000  -0.0540000000000
C6     -3.0972000000000  -5.6085000000000  -1.4929000000000
C7     -3.5023000000000  -3.1537000000000  -0.9137000000000
C8     -2.2742000000000  -6.6575000000000  -1.5899000000000
C9     -1.6221000000000  -1.7853000000000  -0.1334000000000
C10     0.5497000000000  -2.7536000000000   0.4918000000000
C11    -3.0568000000000  -1.9537000000000  -0.5122000000000
O12    -1.1793000000000  -0.5638000000000   0.3227000000000
Si13   -4.2633000000000  -0.5318000000000  -0.4090000000000
C14     0.9860000000000  -3.4600000000000   1.5592000000000
C15     1.4832000000000  -1.8486000000000  -0.2207000000000
C16     2.4224000000000  -3.4037000000000   1.9348000000000
C17     0.0917000000000  -4.3019000000000   2.3922000000000
C18     3.2811000000000  -2.6697000000000   1.2140000000000
C19     2.8819000000000  -4.1948000000000   3.0930000000000
C20     2.8015000000000  -1.8722000000000   0.0629000000000
Si21    4.0437000000000  -0.8927000000000  -0.9241000000000
O22     0.9756000000000  -1.0134000000000  -1.1816000000000
C23     0.5809000000000  -4.9928000000000   3.4288000000000
C24     2.0152000000000  -4.9406000000000   3.7873000000000
P25     0.0382000000000   0.1795000000000  -0.5437000000000
O26    -0.5215000000000   0.9497000000000  -1.7106000000000
O27     0.8395000000000   0.9389000000000   0.4955000000000
C28    -4.0327000000000   0.5806000000000  -1.8874000000000
C29    -6.0054000000000  -1.2024000000000  -0.4243000000000
C30    -4.0056000000000   0.3279000000000   1.2252000000000
C31     4.2722000000000   0.7924000000000  -0.1651000000000
C32     5.6651000000000  -1.8112000000000  -0.9155000000000
C33     3.4297000000000  -0.7483000000000  -2.6788000000000
C34    -4.7988000000000   1.6734000000000  -2.0510000000000
C35    -3.0684000000000   0.2076000000000  -2.9511000000000
C36    -6.4530000000000  -1.9472000000000   0.6016000000000
C37    -6.8991000000000  -0.9596000000000  -1.5854000000000
C38    -4.0434000000000   1.6656000000000   1.3385000000000
C39    -3.7808000000000  -0.4939000000000   2.4403000000000
C40     3.8174000000000   1.0652000000000   1.0696000000000
C41     4.9988000000000   1.8418000000000  -0.9212000000000
C42     6.8269000000000  -1.1770000000000  -0.6797000000000
C43     5.6722000000000  -3.2790000000000  -1.1350000000000
C44     3.4471000000000  -1.8093000000000  -3.5033000000000
C45     2.8283000000000   0.5219000000000  -3.1499000000000
C46    -4.6429000000000   2.5217000000000  -3.2504000000000
C47    -3.7540000000000   2.1918000000000  -4.1940000000000
C48    -2.9312000000000   0.9762000000000  -4.0385000000000
C49    -7.8266000000000  -2.4912000000000   0.5874000000000
C50    -8.6307000000000  -2.2553000000000  -0.4550000000000
C51    -8.1423000000000  -1.4565000000000  -1.5960000000000
C52    -3.8814000000000   2.3081000000000   2.6598000000000
C53    -3.6885000000000   1.5603000000000   3.7513000000000
C54    -3.6368000000000   0.0903000000000   3.6360000000000
C55     4.0197000000000   2.4066000000000   1.6560000000000
C56     4.6619000000000   3.3534000000000   0.9630000000000
C57     5.1805000000000   3.0553000000000  -0.3865000000000
C58     8.0983000000000  -1.9304000000000  -0.6688000000000
C59     8.0981000000000  -3.2512000000000  -0.8815000000000
C60     6.8250000000000  -3.9590000000000  -1.1206000000000
C61     2.9126000000000  -1.6959000000000  -4.8768000000000
C62     2.3865000000000  -0.5404000000000  -5.2991000000000
C63     2.3348000000000   0.6208000000000  -4.3896000000000
C64     1.5324000000000   6.5342000000000  -1.9023000000000
C65     0.8574000000000   6.0715000000000  -0.7740000000000
C66     1.0007000000000   4.7396000000000  -0.3525000000000
C67     1.8106000000000   3.8648000000000  -1.0958000000000
C68     2.4816000000000   4.3338000000000  -2.2213000000000
C69     2.3480000000000   5.6653000000000  -2.6256000000000
C70     0.3162000000000   4.3283000000000   0.8878000000000
N71     0.7863000000000   3.2674000000000   1.6202000000000
S72     0.4319000000000   3.2870000000000   3.2951000000000
O73     1.4942000000000   4.0190000000000   3.9920000000000
O74    -0.9613000000000   3.7207000000000   3.4651000000000
C75     0.6210000000000   1.5286000000000   3.6884000000000
C76     1.7350000000000   1.1212000000000   4.4173000000000
C77     1.8347000000000  -0.2434000000000   4.6880000000000
C78     0.8403000000000  -1.0961000000000   4.2143000000000
C79    -0.2236000000000  -0.5606000000000   3.4839000000000
N80    -0.3430000000000   0.7456000000000   3.2330000000000
N81    -1.4915000000000   3.3064000000000  -1.0389000000000
C82    -1.9508000000000   4.2426000000000  -1.8655000000000
C83    -2.4699000000000   5.3299000000000  -1.1213000000000
C84    -2.2953000000000   5.0095000000000   0.2127000000000
C85    -1.5867000000000   3.7680000000000   0.2781000000000
H86     0.6483000000000  -5.2829000000000  -0.4648000000000
H87    -0.1925000000000  -7.3713000000000  -1.2973000000000
H88    -4.1326000000000  -5.7105000000000  -1.7936000000000
H89    -4.5335000000000  -3.2913000000000  -1.2115000000000
H90    -2.6412000000000  -7.6034000000000  -1.9670000000000
H91    -0.9697000000000  -4.3556000000000   2.1874000000000
H92     4.3294000000000  -2.6402000000000   1.4857000000000
H93     3.9245000000000  -4.1779000000000   3.3873000000000
H94    -0.0872000000000  -5.5974000000000   4.0284000000000
H95     2.3659000000000  -5.5154000000000   4.6347000000000
H96     0.8619000000000   2.2930000000000   1.1584000000000
H97    -5.5598000000000   1.9325000000000  -1.3264000000000
H98    -2.4676000000000  -0.6874000000000  -2.8597000000000
H99    -5.8197000000000  -2.1685000000000   1.4483000000000
H100   -6.5534000000000  -0.3986000000000  -2.4418000000000
H101   -4.1889000000000   2.3000000000000   0.4798000000000
H102   -3.7138000000000  -1.5717000000000   2.3664000000000
H103    3.3006000000000   0.3159000000000   1.6545000000000
H104    5.3828000000000   1.6312000000000  -1.9114000000000
H105    6.8598000000000  -0.1131000000000  -0.4974000000000
H106    4.7433000000000  -3.8138000000000  -1.2851000000000
H107    3.8412000000000  -2.7612000000000  -3.1810000000000
H108    2.7485000000000   1.3630000000000  -2.4820000000000
H109   -5.2514000000000   3.4095000000000  -3.3640000000000
H110   -3.6378000000000   2.8124000000000  -5.0729000000000
H111   -2.2213000000000   0.7050000000000  -4.8091000000000
H112   -8.1795000000000  -3.0824000000000   1.4226000000000
H113   -9.6367000000000  -2.6544000000000  -0.4675000000000
H114   -8.7897000000000  -1.2822000000000  -2.4458000000000
H115   -3.9131000000000   3.3871000000000   2.7396000000000
H116   -3.5624000000000   2.0304000000000   4.7179000000000
H117   -3.4652000000000  -0.5127000000000   4.5181000000000
H118    3.6454000000000   2.6229000000000   2.6467000000000
H119    4.8047000000000   4.3374000000000   1.3901000000000
H120    5.7044000000000   3.8214000000000  -0.9431000000000
H121    9.0299000000000  -1.4099000000000  -0.4880000000000
H122    9.0287000000000  -3.8038000000000  -0.8727000000000
H123    6.8258000000000  -5.0303000000000  -1.2745000000000
H124    2.9440000000000  -2.5519000000000  -5.5383000000000
H125    1.9906000000000  -0.4571000000000  -6.3029000000000
H126    1.8839000000000   1.5469000000000  -4.7223000000000
H127    1.4258000000000   7.5703000000000  -2.2088000000000
H128    0.2303000000000   6.7489000000000  -0.2026000000000
H129    1.9110000000000   2.8320000000000  -0.7804000000000
H130    3.1220000000000   3.6666000000000  -2.7881000000000
H131    2.8815000000000   6.0217000000000  -3.5018000000000
H132   -0.0097000000000   5.1615000000000   1.5031000000000
H133    2.4714000000000   1.8417000000000   4.7504000000000
H134    2.6753000000000  -0.6311000000000   5.2550000000000
H135    0.8829000000000  -2.1616000000000   4.4101000000000
H136   -0.9981000000000  -1.1992000000000   3.0715000000000
H137   -1.0848000000000   2.3631000000000  -1.3308000000000
H138   -1.8914000000000   4.1162000000000  -2.9381000000000
H139   -2.9089000000000   6.2249000000000  -1.5384000000000
H140   -2.5803000000000   5.5928000000000   1.0779000000000
H141   -1.6660000000000   3.0474000000000   1.0780000000000
&
