MAEFILE: B3LYP-SPE-Toru-SiPh3-Type-I-E-10-unrestrained.mae
&gen
epsout=2.38
radprb=2.76
isolv=2
solvent=other
basis=6-31G**
gdftgrad=-13
gdftmed=-13
rsinglet=0
gdftfine=-13
dftname=B3LYP
iacc=1
&
entry_name: Toru-SiPh3-Type-I-E-10-unrestrained.1
&zmat
C1      1.2264000000000   5.3206000000000  -0.9637000000000
C2      1.9541000000000   4.0320000000000  -0.7978000000000
C3      1.8565000000000   6.3952000000000  -1.4522000000000
C4      3.2458000000000   3.9552000000000  -1.1828000000000
C5      1.2765000000000   2.8169000000000  -0.2559000000000
C6      3.9360000000000   5.1521000000000  -1.7178000000000
C7      3.9758000000000   2.6802000000000  -1.0667000000000
C8      3.2767000000000   6.3089000000000  -1.8413000000000
C9      1.9014000000000   1.6176000000000  -0.3080000000000
C10    -0.0844000000000   2.9088000000000   0.3217000000000
C11     3.3564000000000   1.5705000000000  -0.6344000000000
O12     1.2678000000000   0.4833000000000   0.1476000000000
Si13    4.3414000000000  -0.0012000000000  -0.4231000000000
C14    -0.3660000000000   3.6583000000000   1.4120000000000
C15    -1.1624000000000   2.1320000000000  -0.3377000000000
C16    -1.7734000000000   3.7856000000000   1.8672000000000
C17     0.6766000000000   4.3519000000000   2.2097000000000
C18    -2.7559000000000   3.1663000000000   1.2013000000000
C19    -2.0616000000000   4.6103000000000   3.0569000000000
C20    -2.4473000000000   2.3087000000000   0.0350000000000
Si21   -3.8710000000000   1.4343000000000  -0.7893000000000
O22    -0.8179000000000   1.2451000000000  -1.3260000000000
C23     0.3407000000000   5.0762000000000   3.2837000000000
C24    -1.0668000000000   5.2135000000000   3.7164000000000
P25    -0.0215000000000  -0.0779000000000  -0.7527000000000
O26     0.4441000000000  -0.8648000000000  -1.9487000000000
O27    -0.9044000000000  -0.7780000000000   0.2640000000000
C28     3.7232000000000  -1.2115000000000  -1.6915000000000
C29     6.1483000000000   0.3232000000000  -0.7203000000000
C30     4.2532000000000  -0.6157000000000   1.3329000000000
C31    -4.3494000000000  -0.0442000000000   0.2451000000000
C32    -5.2840000000000   2.6510000000000  -0.8718000000000
C33    -3.3907000000000   0.9168000000000  -2.5186000000000
C34     3.5573000000000  -2.5144000000000  -1.4122000000000
C35     3.4998000000000  -0.7295000000000  -3.0765000000000
C36     6.8135000000000  -0.2633000000000  -1.7302000000000
C37     6.8742000000000   1.2278000000000   0.2036000000000
C38     4.9218000000000  -1.7245000000000   1.6936000000000
C39     3.5406000000000   0.1692000000000   2.3723000000000
C40    -3.7081000000000  -0.3252000000000   1.3939000000000
C41    -5.4605000000000  -0.9225000000000  -0.1967000000000
C42    -5.0861000000000   3.8781000000000  -1.3851000000000
C43    -6.6179000000000   2.3094000000000  -0.3152000000000
C44    -2.9973000000000   1.8314000000000  -3.4225000000000
C45    -3.3522000000000  -0.5185000000000  -2.8856000000000
C46     3.1976000000000  -3.4630000000000  -2.4871000000000
C47     2.9909000000000  -3.0220000000000  -3.7328000000000
C48     3.1435000000000  -1.5867000000000  -4.0406000000000
C49     8.2536000000000   0.0059000000000  -1.9254000000000
C50     8.9021000000000   0.8285000000000  -1.0924000000000
C51     8.1787000000000   1.4682000000000   0.0249000000000
C52     4.8751000000000  -2.2030000000000   3.0910000000000
C53     4.1970000000000  -1.5119000000000   4.0142000000000
C54     3.5091000000000  -0.2608000000000   3.6398000000000
C55    -4.0932000000000  -1.5059000000000   2.1939000000000
C56    -5.0986000000000  -2.2904000000000   1.7909000000000
C57    -5.8217000000000  -1.9788000000000   0.5420000000000
C58    -6.1928000000000   4.8555000000000  -1.4381000000000
C59    -7.3971000000000   4.5314000000000  -0.9559000000000
C60    -7.6175000000000   3.1990000000000  -0.3610000000000
C61    -2.5504000000000   1.4107000000000  -4.7670000000000
C62    -2.5188000000000   0.1126000000000  -5.0878000000000
C63    -2.9357000000000  -0.8997000000000  -4.0987000000000
C64    -3.7277000000000  -6.3643000000000  -0.5256000000000
C65    -2.5659000000000  -5.9742000000000   0.1311000000000
C66    -2.1408000000000  -4.6356000000000   0.1005000000000
C67    -2.8888000000000  -3.6925000000000  -0.6185000000000
C68    -4.0440000000000  -4.0938000000000  -1.2915000000000
C69    -4.4677000000000  -5.4217000000000  -1.2429000000000
C70    -0.9155000000000  -4.2867000000000   0.8462000000000
N71    -0.8101000000000  -3.0686000000000   1.4577000000000
S72     0.4366000000000  -2.8869000000000   2.6230000000000
O73     0.4682000000000  -4.1174000000000   3.4135000000000
O74     1.6512000000000  -2.4244000000000   1.9391000000000
C75    -0.2445000000000  -1.4997000000000   3.5785000000000
C76     0.0581000000000  -0.1988000000000   3.1805000000000
C77    -0.4920000000000   0.8244000000000   3.9526000000000
C78    -1.2994000000000   0.4989000000000   5.0403000000000
C79    -1.5316000000000  -0.8487000000000   5.3262000000000
N80    -1.0103000000000  -1.8458000000000   4.6036000000000
N81     0.1799000000000  -3.4949000000000  -1.6120000000000
C82    -0.2291000000000  -4.2304000000000  -2.6445000000000
C83    -0.0246000000000  -5.6028000000000  -2.3672000000000
C84     0.5429000000000  -5.6678000000000  -1.1080000000000
C85     0.5984000000000  -4.3410000000000  -0.5756000000000
H86     0.1795000000000   5.4025000000000  -0.7033000000000
H87     1.3232000000000   7.3296000000000  -1.5712000000000
H88     4.9768000000000   5.0944000000000  -2.0115000000000
H89     5.0219000000000   2.6632000000000  -1.3390000000000
H90     3.7812000000000   7.1827000000000  -2.2331000000000
H91     1.7239000000000   4.2661000000000   1.9509000000000
H92    -3.7824000000000   3.2663000000000   1.5345000000000
H93    -3.0805000000000   4.7293000000000   3.4058000000000
H94     1.1154000000000   5.5693000000000   3.8568000000000
H95    -1.2919000000000   5.8124000000000   4.5895000000000
H96    -0.9438000000000  -2.1517000000000   0.9107000000000
H97     3.7065000000000  -2.9001000000000  -0.4159000000000
H98     3.6248000000000   0.3193000000000  -3.3151000000000
H99     6.3171000000000  -0.9397000000000  -2.4120000000000
H100    6.3502000000000   1.6997000000000   1.0257000000000
H101    5.5066000000000  -2.2802000000000   0.9716000000000
H102    3.0555000000000   1.1025000000000   2.1248000000000
H103   -2.9000000000000   0.2960000000000   1.7542000000000
H104   -5.9861000000000  -0.7109000000000  -1.1195000000000
H105   -4.1130000000000   4.1841000000000  -1.7413000000000
H106   -6.7971000000000   1.3509000000000   0.1469000000000
H107   -2.9634000000000   2.8816000000000  -3.1763000000000
H108   -3.6419000000000  -1.2687000000000  -2.1729000000000
H109    3.0967000000000  -4.5165000000000  -2.2620000000000
H110    2.7171000000000  -3.7159000000000  -4.5168000000000
H111    2.9781000000000  -1.2321000000000  -5.0496000000000
H112    8.7825000000000  -0.4659000000000  -2.7434000000000
H113    9.9569000000000   1.0252000000000  -1.2342000000000
H114    8.7066000000000   2.1303000000000   0.6990000000000
H115    5.3910000000000  -3.1140000000000   3.3650000000000
H116    4.1608000000000  -1.8611000000000   5.0379000000000
H117    2.9857000000000   0.3118000000000   4.3946000000000
H118   -3.5590000000000  -1.7341000000000   3.1067000000000
H119   -5.3802000000000  -3.1570000000000   2.3748000000000
H120   -6.6323000000000  -2.6176000000000   0.2164000000000
H121   -6.0245000000000   5.8358000000000  -1.8649000000000
H122   -8.2084000000000   5.2470000000000  -0.9917000000000
H123   -8.5877000000000   2.9475000000000   0.0478000000000
H124   -2.2389000000000   2.1558000000000  -5.4876000000000
H125   -2.1850000000000  -0.1979000000000  -6.0694000000000
H126   -2.9001000000000  -1.9508000000000  -4.3552000000000
H127   -4.0550000000000  -7.3984000000000  -0.4787000000000
H128   -1.9855000000000  -6.7063000000000   0.6860000000000
H129   -2.5685000000000  -2.6556000000000  -0.6308000000000
H130   -4.6271000000000  -3.3704000000000  -1.8512000000000
H131   -5.3732000000000  -5.7212000000000  -1.7621000000000
H132   -0.5193000000000  -5.0951000000000   1.4569000000000
H133    0.6673000000000  -0.0043000000000   2.3065000000000
H134   -0.2899000000000   1.8613000000000   3.7068000000000
H135   -1.7450000000000   1.2710000000000   5.6591000000000
H136   -2.1589000000000  -1.1414000000000   6.1647000000000
H137    0.2637000000000  -2.4353000000000  -1.6529000000000
H138   -0.6347000000000  -3.7604000000000  -3.5304000000000
H139   -0.2799000000000  -6.4227000000000  -3.0228000000000
H140    0.8342000000000  -6.5589000000000  -0.5680000000000
H141    1.3504000000000  -3.9649000000000   0.1081000000000
&
