MAEFILE: Toru-SiPh3-Type-I-E-2-chkp4-unrestrained-IRC-max-disp-SPE.mae
&gen
epsout=2.38
radprb=2.76
solvent=other
isolv=2
basis=6-31G**
gdftgrad=-13
gdftmed=-13
gdftfine=-13
dftname=M06-2X
iacc=1
&
entry_name: Toru-SiPh3-Type-I-E-2-chkp4-unrestrained-IRC-max-disp.1
&zmat
C1     -1.1438000000000  -5.2313000000000  -1.0702000000000
C2     -1.9021000000000  -4.0369000000000  -0.6010000000000
C3     -1.7907000000000  -6.3033000000000  -1.5415000000000
C4     -3.2482000000000  -4.0327000000000  -0.7207000000000
C5     -1.2097000000000  -2.8360000000000  -0.0361000000000
C6     -3.9550000000000  -5.2278000000000  -1.2381000000000
C7     -4.0142000000000  -2.8105000000000  -0.4183000000000
C8     -3.2630000000000  -6.3063000000000  -1.6187000000000
C9     -1.9148000000000  -1.6970000000000   0.1732000000000
C10     0.2554000000000  -2.8568000000000   0.2233000000000
C11    -3.3868000000000  -1.6825000000000  -0.0576000000000
O12    -1.3216000000000  -0.6153000000000   0.7814000000000
Si13   -4.3327000000000  -0.0744000000000   0.0016000000000
C14     0.8518000000000  -3.7742000000000   1.0196000000000
C15     1.0919000000000  -1.8578000000000  -0.4957000000000
C16     2.3348000000000  -3.8643000000000   1.0480000000000
C17     0.0924000000000  -4.7259000000000   1.8689000000000
C18     3.0774000000000  -3.0324000000000   0.3053000000000
C19     2.9641000000000  -4.9167000000000   1.8699000000000
C20     2.4341000000000  -1.9830000000000  -0.5159000000000
Si21    3.5376000000000  -0.8637000000000  -1.5254000000000
O22     0.4759000000000  -0.8046000000000  -1.1238000000000
C23     0.7325000000000  -5.6554000000000   2.5882000000000
C24     2.2080000000000  -5.7592000000000   2.5824000000000
P25    -0.2450000000000   0.2373000000000  -0.1062000000000
O26    -0.8135000000000   1.3859000000000  -0.8410000000000
O27     0.8650000000000   0.5450000000000   0.9744000000000
C28    -3.9940000000000   0.8994000000000  -1.5464000000000
C29    -6.1738000000000  -0.3552000000000  -0.0034000000000
C30    -3.8090000000000   0.8432000000000   1.5300000000000
C31     4.3862000000000   0.3583000000000  -0.4014000000000
C32     4.7844000000000  -1.9757000000000  -2.3553000000000
C33     2.5521000000000   0.0289000000000  -2.8375000000000
C34    -3.1892000000000   0.4204000000000  -2.5112000000000
C35    -4.7073000000000   2.1809000000000  -1.7629000000000
C36    -6.9393000000000  -0.0345000000000   1.0539000000000
C37    -6.8169000000000  -0.8841000000000  -1.2317000000000
C38    -3.2846000000000   2.0778000000000   1.4598000000000
C39    -3.9469000000000   0.1827000000000   2.8498000000000
C40     5.2014000000000   1.2986000000000  -0.9103000000000
C41     4.1821000000000   0.2931000000000   1.0662000000000
C42     6.1036000000000  -1.7189000000000  -2.3074000000000
C43     4.3129000000000  -3.2084000000000  -3.0348000000000
C44     1.9154000000000  -0.6668000000000  -3.7962000000000
C45     2.4052000000000   1.5060000000000  -2.8000000000000
C46    -3.0031000000000   1.1756000000000  -3.7673000000000
C47    -3.6593000000000   2.3254000000000  -3.9616000000000
C48    -4.5497000000000   2.8546000000000  -2.9088000000000
C49    -8.4017000000000  -0.2436000000000   1.0044000000000
C50    -8.9728000000000  -0.7367000000000  -0.1007000000000
C51    -8.1418000000000  -1.0683000000000  -1.2750000000000
C52    -2.8906000000000   2.7880000000000   2.6937000000000
C53    -3.0534000000000   2.2017000000000   3.8856000000000
C54    -3.5973000000000   0.8313000000000   3.9668000000000
C55     5.8988000000000   2.2454000000000  -0.0167000000000
C56     5.7258000000000   2.1676000000000   1.3072000000000
C57     4.8234000000000   1.1468000000000   1.8741000000000
C58     7.0655000000000  -2.6291000000000  -2.9639000000000
C59     6.6301000000000  -3.7257000000000  -3.5937000000000
C60     5.1870000000000  -4.0334000000000  -3.6237000000000
C61     1.0928000000000   0.0300000000000  -4.8064000000000
C62     0.9773000000000   1.3615000000000  -4.7737000000000
C63     1.6692000000000   2.1344000000000  -3.7249000000000
C64     3.9704000000000   5.5459000000000  -0.3581000000000
C65     3.7527000000000   4.8889000000000   0.8476000000000
C66     2.5820000000000   4.1323000000000   1.0424000000000
C67     1.6131000000000   4.0754000000000   0.0230000000000
C68     1.8139000000000   4.7723000000000  -1.1626000000000
C69     2.9970000000000   5.4922000000000  -1.3587000000000
C70     2.3973000000000   3.4899000000000   2.3334000000000
N71     1.4861000000000   2.6065000000000   2.5795000000000
S72     1.3400000000000   2.1677000000000   4.2559000000000
O73     2.4967000000000   2.6572000000000   5.0098000000000
O74    -0.0223000000000   2.5411000000000   4.6420000000000
C75     1.3890000000000   0.3530000000000   4.1721000000000
C76     0.1825000000000  -0.3429000000000   4.1484000000000
C77     0.2608000000000  -1.7347000000000   4.1573000000000
C78     1.5172000000000  -2.3365000000000   4.1920000000000
C79     2.6550000000000  -1.5272000000000   4.1873000000000
N80     2.5966000000000  -0.1918000000000   4.1808000000000
N81    -1.5293000000000   3.9670000000000  -1.8914000000000
C82    -1.2701000000000   4.4369000000000  -3.1555000000000
C83    -1.5760000000000   5.7835000000000  -3.1836000000000
C84    -2.0340000000000   6.1380000000000  -1.8831000000000
C85    -1.9935000000000   4.9948000000000  -1.1106000000000
H86    -0.0627000000000  -5.2436000000000  -1.0557000000000
H87    -1.2340000000000  -7.1672000000000  -1.8813000000000
H88    -5.0353000000000  -5.2304000000000  -1.3148000000000
H89    -5.0819000000000  -2.8243000000000  -0.5788000000000
H90    -3.7802000000000  -7.1777000000000  -1.9990000000000
H91    -0.9867000000000  -4.6735000000000   1.9321000000000
H92     4.1580000000000  -3.1139000000000   0.3145000000000
H93     4.0426000000000  -5.0167000000000   1.8976000000000
H94     0.1615000000000  -6.3400000000000   3.2022000000000
H95     2.6828000000000  -6.5268000000000   3.1797000000000
H96     0.8989000000000   1.4263000000000   1.4456000000000
H97    -2.6750000000000  -0.5239000000000  -2.3967000000000
H98    -5.3648000000000   2.5731000000000  -0.9971000000000
H99    -6.5105000000000   0.3849000000000   1.9520000000000
H100   -6.2163000000000  -1.1218000000000  -2.1011000000000
H101   -3.1455000000000   2.5725000000000   0.5101000000000
H102   -4.3380000000000  -0.8250000000000   2.9153000000000
H103    5.3647000000000   1.3707000000000  -1.9785000000000
H104    3.5198000000000  -0.4448000000000   1.4958000000000
H105    6.4919000000000  -0.8539000000000  -1.7930000000000
H106    3.2627000000000  -3.4671000000000  -3.0333000000000
H107    1.9682000000000  -1.7444000000000  -3.8319000000000
H108    2.8754000000000   2.0887000000000  -2.0219000000000
H109   -2.3416000000000   0.7914000000000  -4.5330000000000
H110   -3.5276000000000   2.8774000000000  -4.8832000000000
H111   -5.0704000000000   3.7904000000000  -3.0651000000000
H112   -9.0097000000000   0.0057000000000   1.8644000000000
H113  -10.0438000000000  -0.8887000000000  -0.1382000000000
H114   -8.6075000000000  -1.4561000000000  -2.1717000000000
H115   -2.4788000000000   3.7870000000000   2.6310000000000
H116   -2.7778000000000   2.7251000000000   4.7917000000000
H117   -3.7040000000000   0.3507000000000   4.9305000000000
H118    6.5517000000000   2.9998000000000  -0.4359000000000
H119    6.2365000000000   2.8595000000000   1.9642000000000
H120    4.6787000000000   1.0980000000000   2.9448000000000
H121    8.1241000000000  -2.4057000000000  -2.9326000000000
H122    7.3339000000000  -4.3936000000000  -4.0732000000000
H123    4.8396000000000  -4.9353000000000  -4.1109000000000
H124    0.5805000000000  -0.5408000000000  -5.5699000000000
H125    0.3725000000000   1.8738000000000  -5.5108000000000
H126    1.5743000000000   3.2109000000000  -3.7050000000000
H127    4.8834000000000   6.1125000000000  -0.5111000000000
H128    4.4892000000000   4.9480000000000   1.6442000000000
H129    0.6951000000000   3.5184000000000   0.1703000000000
H130    1.0418000000000   4.7672000000000  -1.9243000000000
H131    3.1508000000000   6.0274000000000  -2.2911000000000
H132    3.0740000000000   3.7969000000000   3.1378000000000
H133   -0.7601000000000   0.1876000000000   4.1349000000000
H134   -0.6439000000000  -2.3344000000000   4.1459000000000
H135    1.6219000000000  -3.4145000000000   4.2304000000000
H136    3.6503000000000  -1.9648000000000   4.1946000000000
H137   -1.3796000000000   3.0120000000000  -1.5762000000000
H138   -0.9244000000000   3.7734000000000  -3.9340000000000
H139   -1.4894000000000   6.4350000000000  -4.0421000000000
H140   -2.3568000000000   7.1152000000000  -1.5518000000000
H141   -2.2506000000000   4.8351000000000  -0.0741000000000
&
