MAEFILE: Toru-NTf-Sulfonyl-5-chkp-unrestrained-uff-fine-grid-acc-sol_1_co.mae
&gen
epsout=2.38
radprb=2.76
isolv=2
solvent=other
basis=6-31G**
gdftgrad=-13
gdftmed=-13
rsinglet=0
gdftfine=-13
dftname=M06-2X
iacc=1
&
entry_name: Toru-NTf-Sulfonyl-4-chkp-unrestrained.1
&zmat
C1      0.1101000000000  -6.0253000000000  -0.7908000000000
C2     -0.8773000000000  -4.9112000000000  -0.7849000000000
C3     -0.2100000000000  -7.2093000000000  -1.3258000000000
C4     -2.0857000000000  -5.1024000000000  -1.3575000000000
C5     -0.5434000000000  -3.5769000000000  -0.2046000000000
C6     -2.4323000000000  -6.4189000000000  -1.9418000000000
C7     -3.0740000000000  -4.0078000000000  -1.3771000000000
C8     -1.5428000000000  -7.4173000000000  -1.9233000000000
C9     -1.3796000000000  -2.5326000000000  -0.4065000000000
C10     0.6966000000000  -3.3856000000000   0.5850000000000
C11    -2.7615000000000  -2.7958000000000  -0.8930000000000
O12    -1.0532000000000  -1.2724000000000   0.0370000000000
Si13   -4.0868000000000  -1.4887000000000  -0.7376000000000
C14     0.9284000000000  -4.0400000000000   1.7456000000000
C15     1.7125000000000  -2.4431000000000   0.0555000000000
C16     2.2435000000000  -3.8910000000000   2.4172000000000
C17    -0.0837000000000  -4.9029000000000   2.4055000000000
C18     3.1964000000000  -3.1253000000000   1.8707000000000
C19     2.4817000000000  -4.6195000000000   3.6788000000000
C20     2.9418000000000  -2.3878000000000   0.6107000000000
Si21    4.3292000000000  -1.3339000000000  -0.0771000000000
O22     1.3747000000000  -1.6500000000000  -1.0100000000000
C23     0.2024000000000  -5.5304000000000   3.5524000000000
C24     1.5222000000000  -5.3888000000000   4.2048000000000
P25     0.2332000000000  -0.5293000000000  -0.6729000000000
O26    -0.1126000000000   0.1408000000000  -1.9678000000000
N27     0.8892000000000   0.3868000000000   0.5072000000000
C28    -5.7428000000000  -2.1673000000000  -1.2471000000000
C29    -4.3179000000000  -0.9544000000000   1.0307000000000
C30    -3.6363000000000  -0.0666000000000  -1.8416000000000
C31     4.7094000000000   0.0138000000000   1.1585000000000
C32     5.8497000000000  -2.3664000000000  -0.4129000000000
C33     3.8628000000000  -0.5871000000000  -1.7105000000000
C34    -6.2982000000000  -3.1670000000000  -0.5410000000000
C35    -6.4825000000000  -1.5890000000000  -2.3961000000000
C36    -3.5871000000000  -1.4805000000000   2.0290000000000
C37    -5.4051000000000   0.0011000000000   1.3536000000000
C38    -3.3150000000000  -0.3019000000000  -3.1248000000000
C39    -3.7323000000000   1.3322000000000  -1.3586000000000
C40     5.7390000000000   0.8552000000000   0.9633000000000
C41     3.8447000000000   0.1976000000000   2.3517000000000
C42     5.9005000000000  -3.6735000000000  -0.0983000000000
C43     7.0016000000000  -1.7525000000000  -1.1207000000000
C44     3.5162000000000   0.7048000000000  -1.8050000000000
C45     3.8324000000000  -1.4431000000000  -2.9203000000000
C46    -7.6208000000000  -3.7035000000000  -0.9227000000000
C47    -8.2779000000000  -3.1861000000000  -1.9671000000000
C48    -7.6825000000000  -2.0753000000000  -2.7369000000000
C49    -3.8305000000000  -1.0690000000000   3.4268000000000
C50    -4.8037000000000  -0.1962000000000   3.7093000000000
C51    -5.6353000000000   0.3582000000000   2.6224000000000
C52    -3.1051000000000   0.8241000000000  -4.0572000000000
C53    -3.2579000000000   2.0825000000000  -3.6311000000000
C54    -3.5806000000000   2.3487000000000  -2.2150000000000
C55     6.0260000000000   1.9264000000000   1.9400000000000
C56     5.2463000000000   2.0807000000000   3.0150000000000
C57     4.1004000000000   1.1765000000000   3.2283000000000
C58     7.1135000000000  -4.4663000000000  -0.3883000000000
C59     8.1602000000000  -3.8950000000000  -0.9934000000000
C60     8.0965000000000  -2.4747000000000  -1.3880000000000
C61     3.1287000000000   1.2764000000000  -3.1101000000000
C62     3.1041000000000   0.5020000000000  -4.2009000000000
C63     3.4705000000000  -0.9254000000000  -4.1007000000000
C64     3.7527000000000   5.2071000000000  -2.8486000000000
C65     2.4272000000000   5.3259000000000  -2.4380000000000
C66     1.9979000000000   4.7591000000000  -1.2245000000000
C67     2.9200000000000   4.0608000000000  -0.4292000000000
C68     4.2493000000000   3.9688000000000  -0.8365000000000
C69     4.6694000000000   4.5318000000000  -2.0430000000000
C70     0.6046000000000   5.0426000000000  -0.7996000000000
N71     0.2552000000000   4.9626000000000   0.5332000000000
S72    -0.9696000000000   6.0088000000000   1.1245000000000
O73    -0.3842000000000   6.8961000000000   2.1203000000000
O74    -1.6258000000000   6.5518000000000  -0.0768000000000
C75    -2.1376000000000   4.8923000000000   1.9448000000000
C76    -3.3499000000000   4.5974000000000   1.3272000000000
C77    -4.2303000000000   3.7851000000000   2.0427000000000
C78    -3.8534000000000   3.3326000000000   3.3044000000000
C79    -2.5985000000000   3.6869000000000   3.8046000000000
N80    -1.7446000000000   4.4650000000000   3.1349000000000
N81    -0.0427000000000   2.7612000000000  -2.4750000000000
C82     0.0616000000000   3.0081000000000  -3.7758000000000
C83    -0.5207000000000   4.2654000000000  -4.0771000000000
C84    -1.0289000000000   4.7530000000000  -2.8920000000000
C85    -0.6440000000000   3.8560000000000  -1.8280000000000
H86     1.0993000000000  -5.8896000000000  -0.3739000000000
H87     0.5112000000000  -8.0164000000000  -1.3283000000000
H88    -3.4071000000000  -6.5774000000000  -2.3860000000000
H89    -4.0617000000000  -4.2143000000000  -1.7646000000000
H90    -1.7962000000000  -8.3786000000000  -2.3513000000000
H91    -1.0724000000000  -5.0240000000000   1.9822000000000
H92     4.1572000000000  -3.0234000000000   2.3621000000000
H93     3.4356000000000  -4.5371000000000   4.1860000000000
H94    -0.5497000000000  -6.1519000000000   4.0213000000000
H95     1.7101000000000  -5.9175000000000   5.1305000000000
H96    -5.7850000000000  -3.5945000000000   0.3118000000000
H97    -6.0675000000000  -0.7678000000000  -2.9635000000000
H98    -2.8276000000000  -2.2242000000000   1.8404000000000
H99    -6.0250000000000   0.4074000000000   0.5641000000000
H100   -3.2537000000000  -1.3145000000000  -3.5045000000000
H101   -3.9408000000000   1.5469000000000  -0.3208000000000
H102    6.3647000000000   0.7801000000000   0.0885000000000
H103    2.9911000000000  -0.4431000000000   2.5180000000000
H104    5.0640000000000  -4.1782000000000   0.3580000000000
H105    6.9530000000000  -0.7287000000000  -1.4631000000000
H106    3.4873000000000   1.3318000000000  -0.9275000000000
H107    4.0958000000000  -2.4912000000000  -2.8526000000000
H108   -8.0564000000000  -4.5151000000000  -0.3546000000000
H109   -9.2474000000000  -3.5770000000000  -2.2476000000000
H110   -8.2220000000000  -1.6523000000000  -3.5745000000000
H111   -3.2221000000000  -1.4804000000000   4.2218000000000
H112   -4.9848000000000   0.1041000000000   4.7331000000000
H113   -6.4296000000000   1.0556000000000   2.8548000000000
H114   -2.8571000000000   0.6272000000000  -5.0920000000000
H115   -3.1307000000000   2.9078000000000  -4.3189000000000
H116   -3.6767000000000   3.3694000000000  -1.8682000000000
H117    6.8635000000000   2.5924000000000   1.7768000000000
H118    5.4509000000000   2.8694000000000   3.7273000000000
H119    3.4660000000000   1.3108000000000   4.0946000000000
H120    7.1515000000000  -5.5118000000000  -0.1106000000000
H121    9.0483000000000  -4.4752000000000  -1.2082000000000
H122    8.9298000000000  -2.0247000000000  -1.9120000000000
H123    2.8603000000000   2.3210000000000  -3.1804000000000
H124    2.8155000000000   0.9189000000000  -5.1570000000000
H125    3.4451000000000  -1.5509000000000  -4.9835000000000
H126    4.0702000000000   5.6554000000000  -3.7851000000000
H127    1.7217000000000   5.8808000000000  -3.0478000000000
H128    2.6103000000000   3.5984000000000   0.5018000000000
H129    4.9627000000000   3.4479000000000  -0.2087000000000
H130    5.7076000000000   4.4478000000000  -2.3496000000000
H131    0.2307000000000   5.9656000000000  -1.2224000000000
H132   -3.5895000000000   4.9962000000000   0.3494000000000
H133   -5.1938000000000   3.5164000000000   1.6212000000000
H134   -4.5159000000000   2.7170000000000   3.9017000000000
H135   -2.2658000000000   3.3339000000000   4.7763000000000
H136    0.0734000000000   1.7939000000000  -2.0853000000000
H137    0.5096000000000   2.2840000000000  -4.4430000000000
H138   -0.5592000000000   4.7232000000000  -5.0550000000000
H139   -1.5483000000000   5.6877000000000  -2.7280000000000
H140   -1.2602000000000   3.6021000000000  -0.9744000000000
S141    0.1002000000000   1.4087000000000   1.3995000000000
O142   -1.2372000000000   1.8106000000000   0.9107000000000
C143   -0.2158000000000   0.4869000000000   3.0129000000000
O144    0.9875000000000   2.5234000000000   1.8271000000000
F145   -1.2586000000000   1.0372000000000   3.6533000000000
F146   -0.4940000000000  -0.7992000000000   2.7787000000000
F147    0.8545000000000   0.5532000000000   3.8069000000000
H148    0.5294000000000   4.1637000000000   1.1297000000000
&
&path pre onee &
