MAEFILE: Toru-SiPh3-Type-I-E-2-chkp4-unrestrained_SPE_B3LYP.mae
&gen
epsout=2.38
radprb=2.76
isolv=2
solvent=other
basis=6-31G**
gdftgrad=-13
gdftmed=-13
rsinglet=0
gdftfine=-13
dftname=B3LYP
iacc=1
&
entry_name: Toru-SiPh3-Type-I-E-2-chkp4-unrestrained.1
&zmat
C1     -0.4519000000000  -5.3920000000000  -0.4267000000000
C2     -1.3645000000000  -4.2194000000000  -0.3072000000000
C3     -0.9263000000000  -6.5848000000000  -0.8039000000000
C4     -2.6645000000000  -4.3704000000000  -0.6391000000000
C5     -0.8675000000000  -2.8784000000000   0.1318000000000
C6     -3.1814000000000  -5.6972000000000  -1.0491000000000
C7     -3.5688000000000  -3.2083000000000  -0.6319000000000
C8     -2.3571000000000  -6.7472000000000  -1.1204000000000
C9     -1.6720000000000  -1.7918000000000   0.0105000000000
C10     0.5245000000000  -2.7255000000000   0.6270000000000
C11    -3.1054000000000  -1.9790000000000  -0.3634000000000
O12    -1.2489000000000  -0.5525000000000   0.4367000000000
Si13   -4.2732000000000  -0.5225000000000  -0.4282000000000
C14     1.0114000000000  -3.4086000000000   1.6880000000000
C15     1.4280000000000  -1.8497000000000  -0.1573000000000
C16     2.4687000000000  -3.3701000000000   1.9758000000000
C17     0.1558000000000  -4.2192000000000   2.5894000000000
C18     3.2950000000000  -2.6701000000000   1.1864000000000
C19     2.9853000000000  -4.1523000000000   3.1160000000000
C20     2.7603000000000  -1.8906000000000   0.0474000000000
Si21    3.9578000000000  -0.9680000000000  -1.0430000000000
O22     0.8769000000000  -1.0151000000000  -1.0949000000000
C23     0.6956000000000  -4.9007000000000   3.6069000000000
C24     2.1502000000000  -4.8715000000000   3.8742000000000
P25    -0.0145000000000   0.1832000000000  -0.4080000000000
O26    -0.5487000000000   1.0295000000000  -1.5322000000000
O27     0.8036000000000   0.8772000000000   0.6635000000000
C28    -3.8924000000000   0.5585000000000  -1.8920000000000
C29    -6.0300000000000  -1.0746000000000  -0.6965000000000
C30    -4.1340000000000   0.3534000000000   1.2056000000000
C31     4.2924000000000   0.7160000000000  -0.3201000000000
C32     5.5364000000000  -1.9556000000000  -1.1385000000000
C33     3.2162000000000  -0.8235000000000  -2.7485000000000
C34    -2.9875000000000   0.1813000000000  -2.8108000000000
C35    -4.6827000000000   1.7931000000000  -2.1158000000000
C36    -6.9744000000000  -0.9016000000000   0.2441000000000
C37    -6.4033000000000  -1.6735000000000  -2.0014000000000
C38    -3.9740000000000   1.6838000000000   1.2863000000000
C39    -4.2374000000000  -0.4454000000000   2.4510000000000
C40     4.9685000000000   1.6367000000000  -1.0284000000000
C41     3.8352000000000   1.0465000000000   1.0516000000000
C42     6.7391000000000  -1.3735000000000  -0.9891000000000
C43     5.4630000000000  -3.4244000000000  -1.3398000000000
C44     3.1074000000000  -1.9009000000000  -3.5444000000000
C45     2.6402000000000   0.4661000000000  -3.1977000000000
C46    -2.7254000000000   1.0316000000000  -3.9906000000000
C47    -3.4174000000000   2.1627000000000  -4.1687000000000
C48    -4.4498000000000   2.5576000000000  -3.1896000000000
C49    -8.3658000000000  -1.3293000000000  -0.0125000000000
C50    -8.6937000000000  -1.8790000000000  -1.1877000000000
C51    -7.6648000000000  -2.0570000000000  -2.2317000000000
C52    -3.9601000000000   2.3501000000000   2.6049000000000
C53    -4.0648000000000   1.6264000000000   3.7255000000000
C54    -4.2015000000000   0.1586000000000   3.6447000000000
C55     5.2385000000000   2.9703000000000  -0.4523000000000
C56     4.8088000000000   3.2679000000000   0.7791000000000
C57     4.0774000000000   2.2577000000000   1.5686000000000
C58     7.9733000000000  -2.1839000000000  -1.0579000000000
C59     7.8993000000000  -3.5049000000000  -1.2555000000000
C60     6.5823000000000  -4.1560000000000  -1.3975000000000
C61     2.4576000000000  -1.7890000000000  -4.8674000000000
C62     1.9514000000000  -0.6178000000000  -5.2698000000000
C63     2.0402000000000   0.5636000000000  -4.3897000000000
C64     2.1829000000000   6.5985000000000  -1.5652000000000
C65     1.4226000000000   6.1577000000000  -0.4853000000000
C66     1.2856000000000   4.7865000000000  -0.2178000000000
C67     1.8971000000000   3.8552000000000  -1.0715000000000
C68     2.6476000000000   4.3020000000000  -2.1575000000000
C69     2.7980000000000   5.6684000000000  -2.4033000000000
C70     0.5097000000000   4.3930000000000   0.9778000000000
N71     0.8367000000000   3.2512000000000   1.6630000000000
S72     0.3056000000000   3.1647000000000   3.2915000000000
O73     1.1247000000000   4.0755000000000   4.0859000000000
O74    -1.1601000000000   3.3254000000000   3.3085000000000
C75     0.6656000000000   1.4319000000000   3.6983000000000
C76    -0.3458000000000   0.4904000000000   3.5287000000000
C77    -0.0522000000000  -0.8162000000000   3.9103000000000
C78     1.2129000000000  -1.0991000000000   4.4218000000000
C79     2.1492000000000  -0.0678000000000   4.5190000000000
N80     1.8799000000000   1.1939000000000   4.1671000000000
N81    -1.3234000000000   3.4883000000000  -0.9453000000000
C82    -1.5702000000000   4.3540000000000  -1.9251000000000
C83    -1.9415000000000   5.6066000000000  -1.3794000000000
C84    -1.8987000000000   5.4614000000000  -0.0058000000000
C85    -1.4192000000000   4.1451000000000   0.2901000000000
H86     0.6067000000000  -5.2945000000000  -0.2282000000000
H87    -0.2584000000000  -7.4323000000000  -0.8896000000000
H88    -4.2286000000000  -5.8208000000000  -1.2959000000000
H89    -4.6083000000000  -3.3697000000000  -0.8770000000000
H90    -2.7351000000000  -7.7155000000000  -1.4221000000000
H91    -0.9170000000000  -4.2554000000000   2.4509000000000
H92     4.3589000000000  -2.6573000000000   1.3910000000000
H93     4.0443000000000  -4.1510000000000   3.3448000000000
H94     0.0548000000000  -5.4819000000000   4.2575000000000
H95     2.5424000000000  -5.4401000000000   4.7075000000000
H96     0.8899000000000   2.2915000000000   1.1728000000000
H97    -2.4309000000000  -0.7401000000000  -2.7032000000000
H98    -5.4579000000000   2.0782000000000  -1.4158000000000
H99    -6.7424000000000  -0.4472000000000   1.1967000000000
H100   -5.6553000000000  -1.8045000000000  -2.7735000000000
H101   -3.8735000000000   2.2925000000000   0.4011000000000
H102   -4.3455000000000  -1.5217000000000   2.3994000000000
H103    5.3189000000000   1.4177000000000  -2.0294000000000
H104    3.3071000000000   0.3130000000000   1.6457000000000
H105    6.8333000000000  -0.3115000000000  -0.8190000000000
H106    4.5032000000000  -3.9186000000000  -1.4164000000000
H107    3.4770000000000  -2.8658000000000  -3.2324000000000
H108    2.6642000000000   1.3242000000000  -2.5482000000000
H109   -1.9709000000000   0.7371000000000  -4.7086000000000
H110   -3.2256000000000   2.7875000000000  -5.0313000000000
H111   -5.0233000000000   3.4616000000000  -3.3478000000000
H112   -9.1193000000000  -1.1944000000000   0.7527000000000
H113   -9.7127000000000  -2.1910000000000  -1.3768000000000
H114   -7.9342000000000  -2.4958000000000  -3.1836000000000
H115   -3.8648000000000   3.4267000000000   2.6611000000000
H116   -4.0480000000000   2.1140000000000   4.6914000000000
H117   -4.2767000000000  -0.4260000000000   4.5523000000000
H118    5.7735000000000   3.7094000000000  -1.0342000000000
H119    4.9959000000000   4.2477000000000   1.1987000000000
H120    3.7416000000000   2.5007000000000   2.5677000000000
H121    8.9376000000000  -1.7049000000000  -0.9473000000000
H122    8.8025000000000  -4.0992000000000  -1.3047000000000
H123    6.5244000000000  -5.2277000000000  -1.5374000000000
H124    2.3862000000000  -2.6595000000000  -5.5066000000000
H125    1.4694000000000  -0.5358000000000  -6.2353000000000
H126    1.6067000000000   1.5042000000000  -4.7043000000000
H127    2.2959000000000   7.6626000000000  -1.7487000000000
H128    0.9439000000000   6.8804000000000   0.1694000000000
H129    1.7892000000000   2.7939000000000  -0.8747000000000
H130    3.1297000000000   3.5875000000000  -2.8155000000000
H131    3.3929000000000   6.0049000000000  -3.2471000000000
H132    0.2805000000000   5.2285000000000   1.6352000000000
H133   -1.3003000000000   0.7654000000000   3.1038000000000
H134   -0.8003000000000  -1.5949000000000   3.8033000000000
H135    1.4772000000000  -2.1007000000000   4.7426000000000
H136    3.1504000000000  -0.2571000000000   4.8979000000000
H137   -1.0234000000000   2.4815000000000  -1.1173000000000
H138   -1.4662000000000   4.0620000000000  -2.9613000000000
H139   -2.1993000000000   6.4889000000000  -1.9473000000000
H140   -2.1313000000000   6.2089000000000   0.7411000000000
H141   -1.7014000000000   3.5809000000000   1.1699000000000
&
