MAEFILE: Type-I-Z-sulfonyl-bind-3-chkp-unrestrained-IRC-max-disp-SPE.mae
&gen
epsout=2.38
radprb=2.76
solvent=other
isolv=2
basis=6-31G**
gdftgrad=-13
gdftmed=-13
gdftfine=-13
dftname=M06-2X
iacc=1
&
entry_name: Type-I-Z-sulfonyl-bind-3-chkp-unrestrained-IRC-max-disp.1
&zmat
C1     -2.8791000000000   2.3482000000000  -0.1035000000000
C2     -5.3557000000000   1.3366000000000   0.8262000000000
C3     -4.2448000000000   0.4022000000000   0.5436000000000
C4     -3.0394000000000   0.8874000000000   0.1781000000000
H5     -6.3163000000000   0.9537000000000   1.1431000000000
C6      0.7497000000000   3.9284000000000  -1.8229000000000
C7      0.7932000000000   3.2767000000000  -0.6516000000000
C8     -0.4442000000000   2.6140000000000  -0.1484000000000
C9     -1.6284000000000   2.8269000000000  -0.7560000000000
H10     1.6330000000000   4.3994000000000  -2.2258000000000
C11    -3.8825000000000   3.1988000000000   0.2208000000000
C12    -5.1788000000000   2.6574000000000   0.7025000000000
C13    -6.2753000000000   3.6006000000000   1.0001000000000
C14    -6.0909000000000   4.9173000000000   0.8577000000000
C15    -4.7956000000000   5.4697000000000   0.4081000000000
C16    -3.7599000000000   4.6759000000000   0.1117000000000
H17    -7.2374000000000   3.2321000000000   1.3361000000000
H18    -6.9031000000000   5.5971000000000   1.0809000000000
H19    -4.6845000000000   6.5433000000000   0.3251000000000
H20    -2.8282000000000   5.1363000000000  -0.1902000000000
C21    -0.5104000000000   4.0265000000000  -2.5873000000000
C22    -1.6540000000000   3.5095000000000  -2.0835000000000
C23    -2.8954000000000   3.5679000000000  -2.9027000000000
C24    -2.8872000000000   4.1622000000000  -4.1013000000000
C25    -1.6433000000000   4.7564000000000  -4.6263000000000
C26    -0.5151000000000   4.6899000000000  -3.9117000000000
H27    -3.8133000000000   3.1179000000000  -2.5489000000000
H28    -3.7920000000000   4.2002000000000  -4.6942000000000
H29    -1.6451000000000   5.2388000000000  -5.5952000000000
H30     0.3962000000000   5.1205000000000  -4.3077000000000
Si31   -4.5351000000000  -1.4385000000000   0.7059000000000
Si32    2.3862000000000   3.2592000000000   0.3454000000000
C33    -3.7407000000000  -3.5272000000000  -3.4249000000000
C34    -4.0358000000000  -4.2628000000000  -2.3475000000000
C35    -4.3099000000000  -3.6039000000000  -1.0537000000000
C36    -4.2352000000000  -2.2660000000000  -0.9427000000000
C37    -3.9553000000000  -1.4555000000000  -2.1539000000000
C38    -3.7120000000000  -2.0547000000000  -3.3261000000000
H39    -3.5354000000000  -4.0080000000000  -4.3726000000000
H40    -4.0685000000000  -5.3422000000000  -2.4189000000000
H41    -4.5567000000000  -4.2177000000000  -0.1963000000000
H42    -3.9618000000000  -0.3759000000000  -2.1080000000000
H43    -3.5059000000000  -1.4607000000000  -4.2070000000000
C44    -1.6304000000000  -3.0592000000000   4.0216000000000
C45    -2.3946000000000  -1.9882000000000   4.2583000000000
C46    -3.2854000000000  -1.4663000000000   3.2014000000000
C47    -3.3478000000000  -2.0705000000000   2.0017000000000
C48    -2.4453000000000  -3.2187000000000   1.7274000000000
C49    -1.6468000000000  -3.6951000000000   2.6902000000000
H50    -0.9796000000000  -3.4454000000000   4.7953000000000
H51    -2.3673000000000  -1.5048000000000   5.2262000000000
H52    -3.8723000000000  -0.5836000000000   3.4124000000000
H53    -2.4027000000000  -3.6731000000000   0.7504000000000
H54    -0.9915000000000  -4.5324000000000   2.4874000000000
C55    -8.9540000000000  -2.3008000000000   2.0586000000000
C56    -8.5516000000000  -2.6480000000000   0.8316000000000
C57    -7.1645000000000  -2.3755000000000   0.4011000000000
C58    -6.2931000000000  -1.7865000000000   1.2405000000000
C59    -6.7548000000000  -1.3919000000000   2.5957000000000
C60    -8.0129000000000  -1.6378000000000   2.9814000000000
H61    -9.9700000000000  -2.4988000000000   2.3748000000000
H62    -9.2414000000000  -3.1288000000000   0.1501000000000
H63    -6.8797000000000  -2.6515000000000  -0.6040000000000
H64    -6.0909000000000  -0.8862000000000   3.2787000000000
H65    -8.3459000000000  -1.3435000000000   3.9684000000000
C66     5.5823000000000   0.4127000000000  -1.5571000000000
C67     4.3673000000000   0.5070000000000  -2.1094000000000
C68     3.3444000000000   1.3845000000000  -1.5034000000000
C69     3.6266000000000   2.0880000000000  -0.3961000000000
C70     4.9772000000000   1.9851000000000   0.2076000000000
C71     5.9020000000000   1.1878000000000  -0.3412000000000
H72     6.3300000000000  -0.2356000000000  -1.9951000000000
H73     4.1290000000000  -0.0632000000000  -2.9979000000000
H74     2.3778000000000   1.4590000000000  -1.9754000000000
H75     5.2201000000000   2.5541000000000   1.0963000000000
H76     6.8846000000000   1.1074000000000   0.1052000000000
C77     1.2786000000000   2.0421000000000   4.7367000000000
C78     2.1789000000000   1.3227000000000   4.0578000000000
C79     2.5467000000000   1.7054000000000   2.6785000000000
C80     1.9968000000000   2.7892000000000   2.1071000000000
C81     0.9971000000000   3.5816000000000   2.8664000000000
C82     0.6560000000000   3.2251000000000   4.1104000000000
H83     1.0051000000000   1.7594000000000   5.7450000000000
H84     2.6379000000000   0.4582000000000   4.5178000000000
H85     3.2491000000000   1.0889000000000   2.1401000000000
H86     0.5244000000000   4.4417000000000   2.4084000000000
H87    -0.0792000000000   3.8001000000000   4.6581000000000
C88     4.4986000000000   7.4517000000000   0.2236000000000
C89     4.4783000000000   6.6743000000000  -0.8642000000000
C90     3.8119000000000   5.3566000000000  -0.8202000000000
C91     3.2020000000000   4.9375000000000   0.3031000000000
C92     3.2539000000000   5.7958000000000   1.5140000000000
C93     3.8630000000000   6.9875000000000   1.4720000000000
H94     4.9881000000000   8.4165000000000   0.1940000000000
H95     4.9525000000000   7.0070000000000  -1.7785000000000
H96     3.8449000000000   4.7318000000000  -1.7032000000000
H97     2.8168000000000   5.4695000000000   2.4447000000000
H98     3.9000000000000   7.6100000000000   2.3568000000000
O99    -2.0208000000000   0.0122000000000  -0.1037000000000
O100   -0.3912000000000   1.8186000000000   0.9644000000000
P101   -0.5943000000000   0.2247000000000   0.6654000000000
O102   -0.5044000000000  -0.4519000000000   1.9879000000000
N103    3.5866000000000  -2.3461000000000  -0.7066000000000
H104    2.7478000000000  -2.0199000000000  -1.2782000000000
C105    3.7743000000000  -1.7755000000000   0.4631000000000
C106    7.1847000000000  -1.5664000000000   2.9588000000000
C107    5.9212000000000  -1.2306000000000   3.4500000000000
C108    4.8092000000000  -1.3339000000000   2.6248000000000
C109    4.9476000000000  -1.8001000000000   1.3005000000000
C110    6.2293000000000  -2.1394000000000   0.8136000000000
C111    7.3359000000000  -2.0144000000000   1.6416000000000
H112    8.0572000000000  -1.4677000000000   3.5977000000000
H113    5.8041000000000  -0.8835000000000   4.4713000000000
H114    3.8227000000000  -1.0925000000000   2.9998000000000
H115    6.3663000000000  -2.4389000000000  -0.2185000000000
H116    8.3221000000000  -2.2543000000000   1.2582000000000
H117    2.9750000000000  -1.0834000000000   0.7276000000000
N118    0.5196000000000  -0.1748000000000  -0.4785000000000
S119    0.2851000000000  -1.1325000000000  -1.7064000000000
O120   -0.6826000000000  -2.2258000000000  -1.5429000000000
O121    1.6254000000000  -1.5106000000000  -2.2583000000000
C122   -0.3736000000000  -0.1161000000000  -3.1444000000000
F123   -1.5417000000000   0.4610000000000  -2.8443000000000
F124    0.4921000000000   0.8446000000000  -3.4835000000000
F125   -0.5522000000000  -0.9246000000000  -4.1954000000000
C126    1.7536000000000  -3.2163000000000   1.9967000000000
C127    2.6160000000000  -4.0946000000000   2.6414000000000
C128    2.7272000000000  -3.6580000000000   3.9827000000000
C129    1.9203000000000  -2.5336000000000   4.1157000000000
N130    1.3425000000000  -2.2726000000000   2.9068000000000
H131    1.3280000000000  -3.2555000000000   1.0057000000000
H132    3.1088000000000  -4.9384000000000   2.1807000000000
H133    3.3213000000000  -4.1058000000000   4.7670000000000
H134    1.7096000000000  -1.9167000000000   4.9774000000000
H135    0.6456000000000  -1.5460000000000   2.6887000000000
S136    4.3240000000000  -3.8114000000000  -1.3605000000000
O137    5.3174000000000  -3.4105000000000  -2.3560000000000
O138    4.6845000000000  -4.6619000000000  -0.2332000000000
C139    0.5733000000000  -5.2476000000000  -3.3750000000000
C140    0.6804000000000  -5.0514000000000  -1.9939000000000
N141    1.8145000000000  -4.6534000000000  -1.4117000000000
C142    2.8453000000000  -4.4224000000000  -2.2111000000000
C143    2.8715000000000  -4.5730000000000  -3.5913000000000
C144    1.6837000000000  -5.0135000000000  -4.1815000000000
H145   -0.3721000000000  -5.5635000000000  -3.8023000000000
H146   -0.1714000000000  -5.2006000000000  -1.3384000000000
H147    3.7616000000000  -4.3426000000000  -4.1635000000000
H148    1.6278000000000  -5.1517000000000  -5.2565000000000
&
