MAEFILE: Type-II-Z-sulfonyl-bind-1-scan-unrestrained-SPE.mae
&gen
epsout=2.38
radprb=2.76
solvent=other
isolv=2
basis=6-31G**
gdftgrad=-13
gdftmed=-13
gdftfine=-13
dftname=M06-2X
iacc=1
&
entry_name: Molecule NameType-II-Z-sulfonyl-bind-1-scan-unrestrained
&zmat
C1     -3.1434000000000   1.7166000000000  -0.8354000000000
C2     -5.4414000000000   0.0925000000000  -0.4852000000000
C3     -4.1006000000000  -0.5266000000000  -0.4369000000000
C4     -2.9996000000000   0.2382000000000  -0.6099000000000
H5     -6.3250000000000  -0.5231000000000  -0.3962000000000
C6      0.2258000000000   4.3927000000000  -1.1227000000000
C7      0.1007000000000   3.5711000000000  -0.0711000000000
C8     -0.9732000000000   2.5433000000000  -0.0704000000000
C9     -1.9263000000000   2.5549000000000  -1.0231000000000
H10     1.0069000000000   5.1433000000000  -1.1419000000000
C11    -4.3775000000000   2.2788000000000  -0.7711000000000
C12    -5.5753000000000   1.4139000000000  -0.6306000000000
C13    -6.9131000000000   2.0395000000000  -0.6521000000000
C14    -7.0361000000000   3.3676000000000  -0.7369000000000
C15    -5.8504000000000   4.2466000000000  -0.7979000000000
C16    -4.6084000000000   3.7487000000000  -0.8066000000000
H17    -7.8048000000000   1.4265000000000  -0.5932000000000
H18    -8.0226000000000   3.8131000000000  -0.7464000000000
H19    -5.9947000000000   5.3192000000000  -0.8252000000000
H20    -3.7810000000000   4.4451000000000  -0.8191000000000
C21    -0.7097000000000   4.2981000000000  -2.2624000000000
C22    -1.7450000000000   3.4272000000000  -2.2219000000000
C23    -2.6393000000000   3.3114000000000  -3.4050000000000
C24    -2.4443000000000   4.0867000000000  -4.4778000000000
C25    -1.3336000000000   5.0578000000000  -4.4997000000000
C26    -0.5089000000000   5.1574000000000  -3.4516000000000
H27    -3.4470000000000   2.5915000000000  -3.4172000000000
H28    -3.0965000000000   3.9980000000000  -5.3370000000000
H29    -1.1842000000000   5.6840000000000  -5.3697000000000
H30     0.3090000000000   5.8667000000000  -3.4782000000000
Si31   -3.9649000000000  -2.3546000000000  -0.0569000000000
Si32    1.2147000000000   3.7927000000000   1.4102000000000
C33    -8.1343000000000  -4.4920000000000  -0.1480000000000
C34    -7.8618000000000  -3.5882000000000   0.8001000000000
C35    -6.5476000000000  -2.9135000000000   0.8234000000000
C36    -5.6255000000000  -3.1917000000000  -0.1142000000000
C37    -5.9286000000000  -4.2061000000000  -1.1537000000000
C38    -7.1193000000000  -4.8184000000000  -1.1697000000000
H39    -9.0961000000000  -4.9881000000000  -0.1662000000000
H40    -8.6022000000000  -3.3499000000000   1.5526000000000
H41    -6.3430000000000  -2.1923000000000   1.6053000000000
H42    -5.1945000000000  -4.4648000000000  -1.9035000000000
H43    -7.3396000000000  -5.5578000000000  -1.9289000000000
C44    -1.1104000000000  -4.2552000000000  -3.2535000000000
C45    -2.1315000000000  -3.4798000000000  -3.6363000000000
C46    -3.0278000000000  -2.8825000000000  -2.6245000000000
C47    -2.8227000000000  -3.1134000000000  -1.3167000000000
C48    -1.6769000000000  -3.9577000000000  -0.8991000000000
C49    -0.8715000000000  -4.5046000000000  -1.8177000000000
H50    -0.4530000000000  -4.6935000000000  -3.9931000000000
H51    -2.3052000000000  -3.2900000000000  -4.6875000000000
H52    -3.8517000000000  -2.2618000000000  -2.9547000000000
H53    -1.4807000000000  -4.1433000000000   0.1446000000000
H54    -0.0358000000000  -5.1199000000000  -1.5097000000000
C55    -2.4369000000000  -2.9246000000000   4.3379000000000
C56    -2.6999000000000  -3.9921000000000   3.5754000000000
C57    -3.1853000000000  -3.8128000000000   2.1912000000000
C58    -3.3450000000000  -2.5790000000000   1.6841000000000
C59    -3.0984000000000  -1.4001000000000   2.5519000000000
C60    -2.6551000000000  -1.5658000000000   3.8041000000000
H61    -2.0755000000000  -3.0543000000000   5.3497000000000
H62    -2.5524000000000  -4.9896000000000   3.9685000000000
H63    -3.4014000000000  -4.6898000000000   1.5937000000000
H64    -3.2656000000000  -0.3978000000000   2.1818000000000
H65    -2.4634000000000  -0.7046000000000   4.4307000000000
C66     5.3322000000000   1.7024000000000   0.5820000000000
C67     5.0552000000000   2.1677000000000   1.8052000000000
C68     3.7649000000000   2.8385000000000   2.0673000000000
C69     2.8519000000000   2.9609000000000   1.0880000000000
C70     3.1731000000000   2.4563000000000  -0.2683000000000
C71     4.3497000000000   1.8658000000000  -0.5073000000000
H72     6.2757000000000   1.2091000000000   0.3883000000000
H73     5.7738000000000   2.0518000000000   2.6060000000000
H74     3.5664000000000   3.2208000000000   3.0608000000000
H75     2.4683000000000   2.5722000000000  -1.0790000000000
H76     4.5821000000000   1.5096000000000  -1.5012000000000
C77    -1.0295000000000   1.9246000000000   5.0872000000000
C78    -1.5473000000000   2.9776000000000   4.4465000000000
C79    -0.8262000000000   3.5784000000000   3.3055000000000
C80     0.3588000000000   3.0811000000000   2.9096000000000
C81     0.9228000000000   1.9092000000000   3.6244000000000
C82     0.2640000000000   1.3630000000000   4.6539000000000
H83    -1.5591000000000   1.4791000000000   5.9193000000000
H84    -2.4999000000000   3.3873000000000   4.7565000000000
H85    -1.2881000000000   4.4024000000000   2.7823000000000
H86     1.8564000000000   1.4701000000000   3.3114000000000
H87     0.6743000000000   0.5040000000000   5.1682000000000
C88     1.7736000000000   8.4094000000000   2.0364000000000
C89     2.8387000000000   7.6017000000000   2.0867000000000
C90     2.6760000000000   6.1460000000000   1.8898000000000
C91     1.4564000000000   5.6226000000000   1.6736000000000
C92     0.2829000000000   6.5285000000000   1.6003000000000
C93     0.4343000000000   7.8469000000000   1.7749000000000
H94     1.8920000000000   9.4757000000000   2.1792000000000
H95     3.8229000000000   8.0124000000000   2.2716000000000
H96     3.5573000000000   5.5238000000000   1.9265000000000
H97    -0.6996000000000   6.1352000000000   1.3769000000000
H98    -0.4226000000000   8.5051000000000   1.7125000000000
O99    -1.7722000000000  -0.3729000000000  -0.7135000000000
O100   -0.9804000000000   1.5643000000000   0.8903000000000
P101   -0.5794000000000   0.0951000000000   0.2948000000000
O102   -0.4217000000000  -0.8396000000000   1.4559000000000
N103    3.6633000000000  -2.5539000000000  -0.5131000000000
H104    3.4626000000000  -1.7940000000000  -1.1912000000000
C105    2.7361000000000  -2.6735000000000   0.4875000000000
C106    1.7531000000000  -6.1099000000000   2.8262000000000
C107    3.0957000000000  -5.8803000000000   2.5154000000000
C108    3.4714000000000  -4.7570000000000   1.7845000000000
C109    2.4937000000000  -3.8514000000000   1.3346000000000
C110    1.1478000000000  -4.0669000000000   1.6941000000000
C111    0.7804000000000  -5.1949000000000   2.4227000000000
H112    1.4692000000000  -6.9935000000000   3.3902000000000
H113    3.8578000000000  -6.5793000000000   2.8454000000000
H114    4.5201000000000  -4.5860000000000   1.5803000000000
H115    0.3945000000000  -3.3447000000000   1.3937000000000
H116   -0.2633000000000  -5.3594000000000   2.6683000000000
H117    1.8111000000000  -2.2061000000000   0.1664000000000
N118    0.7499000000000   0.3374000000000  -0.6200000000000
S119    1.1934000000000  -0.4661000000000  -1.9006000000000
O120    0.5745000000000  -1.7864000000000  -2.0824000000000
O121    2.6764000000000  -0.4167000000000  -2.0259000000000
C122    0.6227000000000   0.5518000000000  -3.3589000000000
F123   -0.7143000000000   0.6323000000000  -3.3678000000000
F124    1.1251000000000   1.7906000000000  -3.3009000000000
F125    1.0274000000000  -0.0255000000000  -4.4943000000000
C126    3.0306000000000  -1.0403000000000   1.8039000000000
C127    4.1905000000000  -1.3796000000000   2.5567000000000
C128    3.7708000000000  -1.7951000000000   3.8134000000000
C129    2.3694000000000  -1.6463000000000   3.8459000000000
N130    1.9503000000000  -1.1436000000000   2.6799000000000
H131    2.9610000000000  -0.3304000000000   0.9900000000000
H132    5.1974000000000  -1.3758000000000   2.1661000000000
H133    4.3809000000000  -2.1787000000000   4.6182000000000
H134    1.6700000000000  -1.8899000000000   4.6340000000000
H135    0.9709000000000  -0.9760000000000   2.3691000000000
S136    5.2027000000000  -3.2787000000000  -0.6793000000000
O137    5.9763000000000  -3.0550000000000   0.5462000000000
O138    5.0504000000000  -4.6412000000000  -1.1919000000000
C139    6.8649000000000  -0.6672000000000  -3.9501000000000
C140    6.6570000000000  -0.2207000000000  -2.6421000000000
N141    6.1505000000000  -0.9991000000000  -1.6809000000000
C142    5.8431000000000  -2.2420000000000  -2.0240000000000
C143    6.0004000000000  -2.8077000000000  -3.2856000000000
C144    6.5314000000000  -1.9798000000000  -4.2765000000000
H145    7.2783000000000   0.0068000000000  -4.6929000000000
H146    6.9056000000000   0.7976000000000  -2.3551000000000
H147    5.7181000000000  -3.8370000000000  -3.4691000000000
H148    6.6783000000000  -2.3562000000000  -5.2838000000000
&
