MAEFILE: Toru-SiPh3-NTf-Type-I-E-4-chkp-scan-unrestrained-uff-acc-sol-SPE.mae
&gen
epsout=2.38
radprb=2.76
isolv=2
solvent=other
basis=6-31G**
gdftgrad=-13
gdftmed=-13
rsinglet=0
gdftfine=-13
dftname=M06-2X
iacc=1
&
entry_name: Toru-SiPh3-NTf-Type-I-E-4-chkp-scan-unrestrained.1
&zmat
C1     -2.4872000000000   5.2908000000000  -0.0295000000000
C2     -2.9608000000000   3.8794000000000  -0.1157000000000
C3     -3.3336000000000   6.2716000000000   0.3050000000000
C4     -4.2431000000000   3.6046000000000   0.2066000000000
C5     -2.0423000000000   2.7615000000000  -0.5007000000000
C6     -5.1738000000000   4.6989000000000   0.5702000000000
C7     -4.7108000000000   2.2095000000000   0.2542000000000
C8     -4.7427000000000   5.9634000000000   0.6088000000000
C9     -2.4592000000000   1.4791000000000  -0.3789000000000
C10    -0.6526000000000   3.0524000000000  -0.9359000000000
C11    -3.8760000000000   1.1931000000000  -0.0095000000000
O12    -1.6336000000000   0.4438000000000  -0.7458000000000
Si13   -4.4838000000000  -0.5508000000000   0.2678000000000
C14    -0.3748000000000   3.8513000000000  -1.9898000000000
C15     0.4577000000000   2.5588000000000  -0.0773000000000
C16     1.0035000000000   4.3708000000000  -2.1661000000000
C17    -1.4000000000000   4.2734000000000  -2.9758000000000
C18     1.9565000000000   4.0699000000000  -1.2735000000000
C19     1.2814000000000   5.2646000000000  -3.3078000000000
C20     1.6738000000000   3.1443000000000  -0.1479000000000
Si21    3.0703000000000   2.7575000000000   1.0453000000000
O22     0.2073000000000   1.5623000000000   0.8301000000000
C23    -1.0751000000000   5.0893000000000  -3.9856000000000
C24     0.3030000000000   5.5990000000000  -4.1566000000000
P25    -0.3438000000000   0.1404000000000   0.2210000000000
O26    -0.6820000000000  -0.6905000000000   1.4239000000000
N27     0.7129000000000  -0.6367000000000  -0.7405000000000
C28    -3.9694000000000  -1.0764000000000   1.9853000000000
C29    -6.3526000000000  -0.5533000000000   0.1421000000000
C30    -3.8241000000000  -1.7009000000000  -1.0468000000000
C31     3.9315000000000   1.2191000000000   0.4485000000000
C32     4.3054000000000   4.1527000000000   0.9645000000000
C33     2.4458000000000   2.6023000000000   2.8080000000000
C34    -4.2589000000000  -2.3080000000000   2.4409000000000
C35    -3.2972000000000  -0.1094000000000   2.8899000000000
C36    -7.1272000000000  -1.0167000000000   1.1402000000000
C37    -7.0029000000000   0.0148000000000  -1.0662000000000
C38    -3.1179000000000  -2.7994000000000  -0.7260000000000
C39    -4.1399000000000  -1.4396000000000  -2.4728000000000
C40     4.2721000000000   0.2288000000000   1.2880000000000
C41     4.3133000000000   1.1202000000000  -0.9807000000000
C42     3.8936000000000   5.4298000000000   1.0514000000000
C43     5.7514000000000   3.8654000000000   0.7959000000000
C44     2.6269000000000   3.5933000000000   3.7002000000000
C45     1.7384000000000   1.3727000000000   3.2430000000000
C46    -3.9213000000000  -2.6904000000000   3.8271000000000
C47    -3.3286000000000  -1.8089000000000   4.6402000000000
C48    -2.9923000000000  -0.4593000000000   4.1454000000000
C49    -8.5995000000000  -1.0070000000000   1.0117000000000
C50    -9.1742000000000  -0.5180000000000  -0.0921000000000
C51    -8.3366000000000   0.0266000000000  -1.1775000000000
C52    -2.7342000000000  -3.7727000000000  -1.7703000000000
C53    -3.0779000000000  -3.5599000000000  -3.0450000000000
C54    -3.8039000000000  -2.3292000000000  -3.4153000000000
C55     4.9437000000000  -0.9850000000000   0.7755000000000
C56     5.2456000000000  -1.0870000000000  -0.5236000000000
C57     4.9303000000000   0.0250000000000  -1.4415000000000
C58     4.8706000000000   6.5352000000000   0.9754000000000
C59     6.1725000000000   6.2695000000000   0.8198000000000
C60     6.6340000000000   4.8698000000000   0.7269000000000
C61     2.0989000000000   3.4704000000000   5.0758000000000
C62     1.4400000000000   2.3673000000000   5.4468000000000
C63     1.2546000000000   1.2647000000000   4.4856000000000
C64     3.8395000000000  -4.3757000000000   3.7782000000000
C65     3.0746000000000  -4.7319000000000   2.6732000000000
C66     2.3037000000000  -3.7719000000000   1.9930000000000
C67     2.2856000000000  -2.4504000000000   2.4627000000000
C68     3.0323000000000  -2.1062000000000   3.5909000000000
C69     3.8144000000000  -3.0587000000000   4.2424000000000
C70     1.5384000000000  -4.2474000000000   0.8243000000000
N71     1.4304000000000  -3.5407000000000  -0.3428000000000
S72     1.3243000000000  -4.4232000000000  -1.8200000000000
O73     1.0539000000000  -5.8075000000000  -1.4193000000000
O74     0.4289000000000  -3.7139000000000  -2.7225000000000
C75     3.0198000000000  -4.3117000000000  -2.4507000000000
C76     3.2587000000000  -3.6833000000000  -3.6673000000000
C77     4.5863000000000  -3.6513000000000  -4.0956000000000
C78     5.5701000000000  -4.2308000000000  -3.2971000000000
C79     5.1968000000000  -4.8254000000000  -2.0889000000000
N80     3.9303000000000  -4.8703000000000  -1.6636000000000
N81    -0.6660000000000  -3.2341000000000   2.1335000000000
C82    -0.5835000000000  -3.3787000000000   3.4553000000000
C83    -0.3974000000000  -4.7434000000000   3.7770000000000
C84    -0.3363000000000  -5.4244000000000   2.5760000000000
C85    -0.4008000000000  -4.4635000000000   1.5183000000000
H86    -1.4524000000000   5.5432000000000  -0.2141000000000
H87    -2.9826000000000   7.2936000000000   0.3675000000000
H88    -6.2068000000000   4.4781000000000   0.8091000000000
H89    -5.7280000000000   2.0227000000000   0.5727000000000
H90    -5.4227000000000   6.7618000000000   0.8765000000000
H91    -2.4182000000000   3.9124000000000  -2.9049000000000
H92     2.9552000000000   4.4651000000000  -1.4082000000000
H93     2.2784000000000   5.6596000000000  -3.4626000000000
H94    -1.8344000000000   5.3814000000000  -4.6998000000000
H95     0.5203000000000   6.2569000000000  -4.9882000000000
H96    -4.7684000000000  -3.0262000000000   1.8106000000000
H97    -3.0467000000000   0.8852000000000   2.5468000000000
H98    -6.7028000000000  -1.3998000000000   2.0545000000000
H99    -6.4094000000000   0.4626000000000  -1.8492000000000
H100   -2.8440000000000  -3.0127000000000   0.2945000000000
H101   -4.6273000000000  -0.5231000000000  -2.7677000000000
H102    4.0825000000000   0.3092000000000   2.3468000000000
H103    4.0972000000000   1.9355000000000  -1.6591000000000
H104    2.8434000000000   5.6659000000000   1.1721000000000
H105    6.1071000000000   2.8456000000000   0.7360000000000
H106    3.1465000000000   4.5013000000000   3.4372000000000
H107    1.6279000000000   0.5431000000000   2.5641000000000
H108   -4.1601000000000  -3.6836000000000   4.1844000000000
H109   -3.0812000000000  -2.0873000000000   5.6563000000000
H110   -2.4987000000000   0.2463000000000   4.8012000000000
H111   -9.2116000000000  -1.3974000000000   1.8145000000000
H112  -10.2523000000000  -0.5092000000000  -0.1865000000000
H113   -8.8049000000000   0.4525000000000  -2.0556000000000
H114   -2.1889000000000  -4.6671000000000  -1.4999000000000
H115   -2.8024000000000  -4.2747000000000  -3.8095000000000
H116   -4.0380000000000  -2.1352000000000  -4.4540000000000
H117    5.1892000000000  -1.7919000000000   1.4537000000000
H118    5.7331000000000  -1.9763000000000  -0.9012000000000
H119    5.1995000000000  -0.0480000000000  -2.4873000000000
H120    4.5295000000000   7.5601000000000   1.0445000000000
H121    6.8897000000000   7.0781000000000   0.7637000000000
H122    7.6887000000000   4.6586000000000   0.6065000000000
H123    2.2425000000000   4.2790000000000   5.7808000000000
H124    1.0507000000000   2.2773000000000   6.4526000000000
H125    0.7415000000000   0.3619000000000   4.7919000000000
H126    4.4483000000000  -5.1225000000000   4.2784000000000
H127    3.0856000000000  -5.7578000000000   2.3161000000000
H128    1.6816000000000  -1.7055000000000   1.9573000000000
H129    3.0062000000000  -1.0907000000000   3.9679000000000
H130    4.3993000000000  -2.7764000000000   5.1126000000000
H131    1.6676000000000  -5.3048000000000   0.6213000000000
H132    2.4535000000000  -3.2120000000000  -4.2141000000000
H133    4.8449000000000  -3.1672000000000  -5.0317000000000
H134    6.6133000000000  -4.2170000000000  -3.5948000000000
H135    5.9400000000000  -5.2773000000000  -1.4366000000000
H136   -0.7372000000000  -2.2884000000000   1.6794000000000
H137   -0.6327000000000  -2.5183000000000   4.1075000000000
H138   -0.3059000000000  -5.1470000000000   4.7749000000000
H139   -0.2018000000000  -6.4876000000000   2.4294000000000
H140   -0.8009000000000  -4.6599000000000   0.5342000000000
S141    1.2552000000000  -0.2230000000000  -2.1953000000000
O142    2.2591000000000  -1.2275000000000  -2.5742000000000
C143   -0.1682000000000  -0.4752000000000  -3.4040000000000
O144    1.5788000000000   1.1974000000000  -2.3831000000000
F145   -1.0127000000000  -1.4056000000000  -2.9740000000000
F146   -0.8382000000000   0.6711000000000  -3.5742000000000
F147    0.3368000000000  -0.8522000000000  -4.5878000000000
H148    1.3163000000000  -2.5096000000000  -0.4136000000000
&
