MAEFILE: Type-I-Z-sulfonyl-bind-2-unrestrained-2-SPE.mae
&gen
epsout=2.38
radprb=2.76
solvent=other
isolv=2
basis=6-31G**
gdftgrad=-13
gdftmed=-13
gdftfine=-13
dftname=M06-2X
iacc=1
&
entry_name: Molecule Name
&zmat
C1     -3.2601000000000   1.6276000000000  -0.0667000000000
C2     -3.0031000000000   4.2129000000000  -1.1950000000000
C3     -1.7933000000000   3.4800000000000  -0.7638000000000
C4     -1.9064000000000   2.2165000000000  -0.3063000000000
H5     -2.9103000000000   5.2006000000000  -1.6264000000000
C6     -3.7145000000000  -2.2715000000000   1.7244000000000
C7     -3.0397000000000  -2.1284000000000   0.5751000000000
C8     -2.7656000000000  -0.7626000000000   0.0550000000000
C9     -3.3608000000000   0.3088000000000   0.6148000000000
H10    -3.9196000000000  -3.2589000000000   2.1205000000000
C11    -4.3589000000000   2.2950000000000  -0.4942000000000
C12    -4.2128000000000   3.6512000000000  -1.0819000000000
C13    -5.4259000000000   4.3690000000000  -1.5219000000000
C14    -6.6284000000000   3.7957000000000  -1.4077000000000
C15    -6.7837000000000   2.4352000000000  -0.8510000000000
C16    -5.7308000000000   1.7270000000000  -0.4260000000000
H17    -5.3498000000000   5.3657000000000  -1.9400000000000
H18    -7.5089000000000   4.3334000000000  -1.7352000000000
H19    -7.7743000000000   2.0020000000000  -0.7958000000000
H20    -5.9022000000000   0.7268000000000  -0.0505000000000
C21    -4.2251000000000  -1.0876000000000   2.4461000000000
C22    -4.0741000000000   0.1491000000000   1.9169000000000
C23    -4.5594000000000   1.3277000000000   2.6842000000000
C24    -5.1711000000000   1.1617000000000   3.8626000000000
C25    -5.3618000000000  -0.1928000000000   4.4157000000000
C26    -4.9119000000000  -1.2599000000000   3.7468000000000
H27    -4.4123000000000   2.3310000000000   2.3072000000000
H28    -5.5209000000000   2.0221000000000   4.4182000000000
H29    -5.8611000000000  -0.3193000000000   5.3676000000000
H30    -5.0495000000000  -2.2504000000000   4.1624000000000
Si31   -0.1211000000000   4.3028000000000  -0.9165000000000
Si32   -2.5754000000000  -3.6446000000000  -0.4106000000000
C33    -0.5691000000000   8.7479000000000  -2.3146000000000
C34     0.1034000000000   7.8815000000000  -3.0816000000000
C35     0.2512000000000   6.4738000000000  -2.6562000000000
C36    -0.2992000000000   6.0561000000000  -1.5037000000000
C37    -1.0326000000000   7.0234000000000  -0.6524000000000
C38    -1.1627000000000   8.2982000000000  -1.0393000000000
H39    -0.6768000000000   9.7791000000000  -2.6249000000000
H40     0.5427000000000   8.2100000000000  -4.0146000000000
H41     0.8142000000000   5.8000000000000  -3.2863000000000
H42    -1.4687000000000   6.7010000000000   0.2851000000000
H43    -1.7010000000000   9.0023000000000  -0.4182000000000
C44     2.0625000000000   4.6744000000000   3.2113000000000
C45     0.8465000000000   4.1191000000000   3.1580000000000
C46     0.1444000000000   3.9960000000000   1.8638000000000
C47     0.7350000000000   4.4154000000000   0.7313000000000
C48     2.0778000000000   5.0403000000000   0.7999000000000
C49     2.7085000000000   5.1569000000000   1.9746000000000
H50     2.5722000000000   4.7778000000000   4.1600000000000
H51     0.3704000000000   3.7660000000000   4.0636000000000
H52    -0.8517000000000   3.5775000000000   1.8570000000000
H53     2.5547000000000   5.4041000000000  -0.1018000000000
H54     3.6904000000000   5.6095000000000   2.0218000000000
C55     2.3335000000000   1.7420000000000  -3.9781000000000
C56     1.1426000000000   2.2461000000000  -4.3209000000000
C57     0.3740000000000   3.0543000000000  -3.3516000000000
C58     0.8668000000000   3.2896000000000  -2.1236000000000
C59     2.1782000000000   2.7087000000000  -1.7419000000000
C60     2.8753000000000   1.9847000000000  -2.6265000000000
H61     2.8981000000000   1.1493000000000  -4.6860000000000
H62     0.7396000000000   2.0637000000000  -5.3086000000000
H63    -0.5881000000000   3.4539000000000  -3.6482000000000
H64     2.5780000000000   2.8508000000000  -0.7482000000000
H65     3.8330000000000   1.5662000000000  -2.3516000000000
C66    -2.0781000000000  -2.3406000000000  -4.8933000000000
C67    -3.2709000000000  -2.2523000000000  -4.2957000000000
C68    -3.4272000000000  -2.6740000000000  -2.8886000000000
C69    -2.3782000000000  -3.1600000000000  -2.2022000000000
C70    -1.0540000000000  -3.2363000000000  -2.8680000000000
C71    -0.9158000000000  -2.8539000000000  -4.1436000000000
H72    -1.9610000000000  -2.0302000000000  -5.9235000000000
H73    -4.1241000000000  -1.8688000000000  -4.8401000000000
H74    -4.3956000000000  -2.5643000000000  -2.4246000000000
H75    -0.1859000000000  -3.5797000000000  -2.3280000000000
H76     0.0492000000000  -2.9121000000000  -4.6284000000000
C77    -6.1614000000000  -6.6521000000000  -0.0400000000000
C78    -4.9095000000000  -7.0929000000000   0.1257000000000
C79    -3.7719000000000  -6.1561000000000   0.0132000000000
C80    -3.9855000000000  -4.8594000000000  -0.2719000000000
C81    -5.3797000000000  -4.3751000000000  -0.4324000000000
C82    -6.4080000000000  -5.2253000000000  -0.3257000000000
H83    -6.9952000000000  -7.3371000000000   0.0435000000000
H84    -4.7263000000000  -8.1373000000000   0.3429000000000
H85    -2.7762000000000  -6.5434000000000   0.1651000000000
H86    -5.5787000000000  -3.3263000000000  -0.6068000000000
H87    -7.4232000000000  -4.8665000000000  -0.4353000000000
C88     1.3650000000000  -5.5315000000000   1.2974000000000
C89     0.8338000000000  -6.0061000000000   0.1652000000000
C90    -0.4073000000000  -5.4142000000000  -0.3754000000000
C91    -1.0075000000000  -4.3949000000000   0.2632000000000
C92    -0.4248000000000  -3.8897000000000   1.5282000000000
C93     0.6999000000000  -4.4272000000000   2.0165000000000
H94     2.2785000000000  -5.9581000000000   1.6907000000000
H95     1.3165000000000  -6.8183000000000  -0.3626000000000
H96    -0.8199000000000  -5.8120000000000  -1.2943000000000
H97    -0.9088000000000  -3.0918000000000   2.0705000000000
H98     1.1216000000000  -4.0578000000000   2.9422000000000
O99    -0.7795000000000   1.5422000000000   0.0892000000000
O100   -1.9136000000000  -0.5917000000000  -1.0057000000000
P101   -0.4839000000000   0.0856000000000  -0.5874000000000
O102    0.3393000000000   0.1520000000000  -1.8351000000000
N103    4.0930000000000  -1.3815000000000   0.6142000000000
H104    3.3628000000000  -1.4198000000000   1.3467000000000
C105    4.2407000000000  -2.4958000000000  -0.1772000000000
C106    7.2453000000000  -2.7518000000000  -3.2068000000000
C107    6.5161000000000  -1.5723000000000  -3.0625000000000
C108    5.5349000000000  -1.4682000000000  -2.0773000000000
C109    5.2820000000000  -2.5503000000000  -1.2185000000000
C110    6.0096000000000  -3.7409000000000  -1.3832000000000
C111    6.9911000000000  -3.8375000000000  -2.3625000000000
H112    8.0114000000000  -2.8281000000000  -3.9725000000000
H113    6.7127000000000  -0.7255000000000  -3.7125000000000
H114    4.9809000000000  -0.5448000000000  -1.9605000000000
H115    5.8153000000000  -4.5835000000000  -0.7249000000000
H116    7.5615000000000  -4.7554000000000  -2.4671000000000
H117    4.0810000000000  -3.4313000000000   0.3572000000000
N118    0.1088000000000  -0.8254000000000   0.6343000000000
S119    1.0013000000000  -0.2895000000000   1.8186000000000
O120    1.6709000000000   1.0042000000000   1.6122000000000
O121    1.8548000000000  -1.4009000000000   2.3243000000000
C122   -0.1604000000000   0.0214000000000   3.2548000000000
F123   -0.7769000000000  -1.1014000000000   3.6377000000000
F124    0.5416000000000   0.5003000000000   4.2907000000000
F125   -1.0924000000000   0.9222000000000   2.9172000000000
C126    2.4335000000000  -2.7461000000000  -1.1498000000000
C127    2.6984000000000  -3.9057000000000  -1.9514000000000
C128    2.7928000000000  -3.5089000000000  -3.2700000000000
C129    2.4866000000000  -2.1277000000000  -3.2957000000000
N130    2.2449000000000  -1.6978000000000  -2.0576000000000
H131    1.8367000000000  -2.7132000000000  -0.2445000000000
H132    2.9013000000000  -4.8931000000000  -1.5599000000000
H133    3.0601000000000  -4.1111000000000  -4.1260000000000
H134    2.4057000000000  -1.4584000000000  -4.1415000000000
H135    1.6966000000000  -0.8277000000000  -1.8543000000000
S136    5.2572000000000  -0.1254000000000   0.8925000000000
O137    6.5933000000000  -0.7090000000000   0.7932000000000
O138    4.9170000000000   1.0583000000000   0.1023000000000
C139    4.3362000000000   0.6374000000000   5.2328000000000
C140    4.8539000000000  -0.5698000000000   4.7553000000000
N141    5.1160000000000  -0.7843000000000   3.4634000000000
C142    4.8508000000000   0.2124000000000   2.6294000000000
C143    4.3274000000000   1.4541000000000   2.9717000000000
C144    4.0707000000000   1.6619000000000   4.3281000000000
H145    4.1393000000000   0.7618000000000   6.2925000000000
H146    5.0638000000000  -1.3940000000000   5.4325000000000
H147    4.1091000000000   2.1929000000000   2.2123000000000
H148    3.6582000000000   2.6046000000000   4.6693000000000
&
