MAEFILE: Toru-SiPh3-NTf-Type-I-E-3-chkp-unrestrained-IRC-max-disp-2.mol2-SPE.mae
&gen
epsout=2.38
radprb=2.76
solvent=other
isolv=2
basis=6-31G**
gdftgrad=-13
gdftmed=-13
gdftfine=-13
dftname=M06-2X
iacc=1
&
entry_name: Toru-SiPh3-NTf-Type-I-E-3-chkp-unrestrained-IRC-max-disp-2
&zmat
C1     -1.7592000000000   5.1297000000000   1.4572000000000
C2     -2.4293000000000   3.8309000000000   1.1762000000000
C3     -2.3621000000000   6.0499000000000   2.2189000000000
C4     -3.6360000000000   3.5805000000000   1.7298000000000
C5     -1.7733000000000   2.7807000000000   0.3432000000000
C6     -4.2980000000000   4.6087000000000   2.5659000000000
C7     -4.3106000000000   2.2925000000000   1.4772000000000
C8     -3.6937000000000   5.7798000000000   2.7945000000000
C9     -2.3123000000000   1.5489000000000   0.2779000000000
C10    -0.5485000000000   3.0781000000000  -0.4346000000000
C11    -3.7069000000000   1.3342000000000   0.7568000000000
O12    -1.6306000000000   0.5369000000000  -0.3520000000000
Si13   -4.6718000000000  -0.1810000000000   0.2487000000000
C14    -0.5420000000000   4.0195000000000  -1.4063000000000
C15     0.7186000000000   2.3803000000000  -0.0707000000000
C16     0.7476000000000   4.4592000000000  -1.9884000000000
C17    -1.7792000000000   4.6601000000000  -1.9225000000000
C18     1.8977000000000   3.9564000000000  -1.5273000000000
C19     0.7361000000000   5.4956000000000  -3.0399000000000
C20     1.8969000000000   2.9043000000000  -0.4837000000000
Si21    3.5564000000000   2.3355000000000   0.1669000000000
O22     0.6919000000000   1.3148000000000   0.8014000000000
C23    -1.7134000000000   5.5955000000000  -2.8773000000000
C24    -0.4205000000000   6.0261000000000  -3.4513000000000
P25    -0.2845000000000   0.0354000000000   0.4410000000000
O26    -0.5618000000000  -0.6571000000000   1.7346000000000
N27     0.4509000000000  -0.9653000000000  -0.6257000000000
C28    -6.4741000000000   0.0176000000000   0.6735000000000
C29    -4.6918000000000  -0.3796000000000  -1.5992000000000
C30    -3.9625000000000  -1.6580000000000   1.1249000000000
C31     3.9884000000000   0.7255000000000  -0.6546000000000
C32     4.8496000000000   3.6027000000000  -0.2608000000000
C33     3.6246000000000   2.2789000000000   2.0259000000000
C34    -7.1262000000000  -0.8723000000000   1.4417000000000
C35    -7.2194000000000   1.1614000000000   0.0934000000000
C36    -4.2484000000000   0.5947000000000  -2.4118000000000
C37    -5.3358000000000  -1.5791000000000  -2.1873000000000
C38    -3.9857000000000  -1.7027000000000   2.4676000000000
C39    -3.4628000000000  -2.8300000000000   0.3664000000000
C40     4.2672000000000  -0.3777000000000   0.0558000000000
C41     4.0855000000000   0.6820000000000  -2.1336000000000
C42     4.6924000000000   4.8733000000000   0.1481000000000
C43     6.0752000000000   3.2248000000000  -1.0072000000000
C44     2.6250000000000   2.7642000000000   2.7830000000000
C45     4.8794000000000   1.8337000000000   2.6800000000000
C46    -8.5639000000000  -0.6906000000000   1.7324000000000
C47    -9.2267000000000   0.3521000000000   1.2185000000000
C48    -8.5221000000000   1.3214000000000   0.3558000000000
C49    -4.3570000000000   0.4464000000000  -3.8785000000000
C50    -4.9085000000000  -0.6537000000000  -4.4033000000000
C51    -5.4276000000000  -1.7131000000000  -3.5159000000000
C52    -3.6153000000000  -2.9445000000000   3.1760000000000
C53    -3.2400000000000  -4.0245000000000   2.4815000000000
C54    -3.1284000000000  -3.9543000000000   1.0108000000000
C55     4.6577000000000  -1.6273000000000  -0.6304000000000
C56     4.7563000000000  -1.6568000000000  -1.9641000000000
C57     4.4593000000000  -0.4444000000000  -2.7526000000000
C58     5.7131000000000   5.8916000000000  -0.1741000000000
C59     6.8079000000000   5.5487000000000  -0.8625000000000
C60     6.9998000000000   4.1496000000000  -1.2944000000000
C61     2.7566000000000   2.8022000000000   4.2546000000000
C62     3.8860000000000   2.3852000000000   4.8387000000000
C63     5.0019000000000   1.8841000000000   4.0120000000000
C64     4.6409000000000  -2.8748000000000   3.7527000000000
C65     3.9453000000000  -3.5786000000000   2.7817000000000
C66     2.8202000000000  -3.0006000000000   2.1500000000000
C67     2.3706000000000  -1.7293000000000   2.5576000000000
C68     3.0513000000000  -1.0540000000000   3.5640000000000
C69     4.1910000000000  -1.6092000000000   4.1468000000000
C70     2.1860000000000  -3.7938000000000   1.1298000000000
N71     1.4121000000000  -3.3956000000000   0.1493000000000
S72     0.7890000000000  -4.6285000000000  -0.9598000000000
O73     0.7510000000000  -5.8614000000000  -0.1759000000000
O74    -0.4010000000000  -4.0500000000000  -1.5627000000000
C75     2.1164000000000  -4.7622000000000  -2.1851000000000
C76     1.8570000000000  -4.4544000000000  -3.5147000000000
C77     2.9114000000000  -4.6542000000000  -4.4068000000000
C78     4.1291000000000  -5.1278000000000  -3.9231000000000
C79     4.2632000000000  -5.3819000000000  -2.5555000000000
N80     3.2625000000000  -5.2048000000000  -1.6866000000000
N81    -0.3291000000000  -3.1008000000000   3.2693000000000
C82     0.0536000000000  -2.8112000000000   4.5501000000000
C83     0.5499000000000  -3.9676000000000   5.1292000000000
C84     0.4682000000000  -4.9898000000000   4.1504000000000
C85    -0.0674000000000  -4.4222000000000   3.0038000000000
H86    -0.7748000000000   5.3409000000000   1.0606000000000
H87    -1.8710000000000   6.9929000000000   2.4217000000000
H88    -5.2733000000000   4.4157000000000   2.9953000000000
H89    -5.3124000000000   2.1522000000000   1.8594000000000
H90    -4.1771000000000   6.5302000000000   3.4066000000000
H91    -2.7534000000000   4.3660000000000  -1.5533000000000
H92     2.8346000000000   4.2980000000000  -1.9486000000000
H93     1.6649000000000   5.8369000000000  -3.4815000000000
H94    -2.6264000000000   6.0452000000000  -3.2461000000000
H95    -0.4146000000000   6.7864000000000  -4.2218000000000
H96    -6.6259000000000  -1.7396000000000   1.8471000000000
H97    -6.7109000000000   1.8745000000000  -0.5438000000000
H98    -3.8295000000000   1.5093000000000  -2.0163000000000
H99    -5.7392000000000  -2.3510000000000  -1.5439000000000
H100   -4.3471000000000  -0.8596000000000   3.0438000000000
H101   -3.3715000000000  -2.7928000000000  -0.7086000000000
H102    4.2377000000000  -0.3643000000000   1.1322000000000
H103    3.8654000000000   1.5662000000000  -2.7188000000000
H104    3.8148000000000   5.1701000000000   0.7096000000000
H105    6.2431000000000   2.2015000000000  -1.3119000000000
H106    1.7291000000000   3.1717000000000   2.3381000000000
H107    5.7077000000000   1.4757000000000   2.0814000000000
H108   -9.0799000000000  -1.4058000000000   2.3598000000000
H109  -10.2799000000000   0.4848000000000   1.4295000000000
H110   -9.0625000000000   2.1589000000000  -0.0659000000000
H111   -3.9862000000000   1.2299000000000  -4.5265000000000
H112   -4.9856000000000  -0.7642000000000  -5.4771000000000
H113   -5.8938000000000  -2.5918000000000  -3.9424000000000
H114   -3.6739000000000  -2.9865000000000   4.2558000000000
H115   -2.9876000000000  -4.9416000000000   2.9977000000000
H116   -2.7710000000000  -4.8127000000000   0.4568000000000
H117    4.8766000000000  -2.5147000000000  -0.0510000000000
H118    5.0524000000000  -2.5665000000000  -2.4682000000000
H119    4.5338000000000  -0.4728000000000  -3.8319000000000
H120    5.5722000000000   6.9152000000000   0.1481000000000
H121    7.5570000000000   6.2932000000000  -1.0989000000000
H122    7.8949000000000   3.8726000000000  -1.8362000000000
H123    1.9398000000000   3.1771000000000   4.8577000000000
H124    3.9850000000000   2.4162000000000   5.9160000000000
H125    5.9185000000000   1.5578000000000   4.4859000000000
H126    5.5190000000000  -3.3122000000000   4.2164000000000
H127    4.2736000000000  -4.5704000000000   2.4846000000000
H128    1.4786000000000  -1.2913000000000   2.1278000000000
H129    2.6784000000000  -0.0911000000000   3.8909000000000
H130    4.7219000000000  -1.0657000000000   4.9227000000000
H131    2.4270000000000  -4.8543000000000   1.1195000000000
H132    0.9029000000000  -4.0456000000000  -3.8191000000000
H133    2.7825000000000  -4.4287000000000  -5.4603000000000
H134    4.9707000000000  -5.2889000000000  -4.5884000000000
H135    5.2039000000000  -5.7354000000000  -2.1418000000000
H136   -0.6466000000000  -2.3908000000000   2.6092000000000
H137   -0.0605000000000  -1.8131000000000   4.9453000000000
H138    0.9208000000000  -4.0610000000000   6.1401000000000
H139    0.7513000000000  -6.0269000000000   4.2653000000000
H140   -0.3397000000000  -4.8794000000000   2.0652000000000
S141    0.7465000000000  -0.6668000000000  -2.1793000000000
O142    1.6465000000000  -1.7291000000000  -2.6514000000000
C143   -0.8744000000000  -0.9845000000000  -3.1050000000000
O144    1.0468000000000   0.7352000000000  -2.4946000000000
F145   -1.7504000000000  -1.6599000000000  -2.3672000000000
F146   -1.4072000000000   0.1829000000000  -3.4675000000000
F147   -0.6055000000000  -1.6934000000000  -4.2145000000000
H148    1.0761000000000  -2.3832000000000  -0.0806000000000
&
