MAEFILE: Toru-SiPh3-Type-I-E-2-chkp4-unrestrained-m06-2-restrained-unrestrained-SPE.mae
&gen
epsout=2.38
radprb=2.76
solvent=other
isolv=2
basis=6-31G**
gdftgrad=-13
gdftmed=-13
gdftfine=-13
dftname=M06-2X
iacc=1
&
entry_name: Toru-SiPh3-Type-I-E-2-chkp4-unrestrained-m06-2-restrained-unrestrained.1
&zmat
C1     -0.1807000000000  -5.3674000000000  -0.7137000000000
C2     -1.1394000000000  -4.2392000000000  -0.5431000000000
C3     -0.6039000000000  -6.5544000000000  -1.1632000000000
C4     -2.4284000000000  -4.4203000000000  -0.9005000000000
C5     -0.6991000000000  -2.9068000000000  -0.0268000000000
C6     -2.8889000000000  -5.7408000000000  -1.3905000000000
C7     -3.3794000000000  -3.2986000000000  -0.8279000000000
C8     -2.0236000000000  -6.7530000000000  -1.5086000000000
C9     -1.5397000000000  -1.8441000000000  -0.1079000000000
C10     0.6736000000000  -2.7326000000000   0.5135000000000
C11    -2.9686000000000  -2.0694000000000  -0.4822000000000
O12    -1.1546000000000  -0.6088000000000   0.3607000000000
Si13   -4.2144000000000  -0.6781000000000  -0.4026000000000
C14     1.1557000000000  -3.4533000000000   1.5519000000000
C15     1.5624000000000  -1.7772000000000  -0.1899000000000
C16     2.5984000000000  -3.3645000000000   1.8957000000000
C17     0.3067000000000  -4.3429000000000   2.3830000000000
C18     3.4183000000000  -2.5880000000000   1.1744000000000
C19     3.1089000000000  -4.1736000000000   3.0198000000000
C20     2.8885000000000  -1.7746000000000   0.0568000000000
Si21    4.0772000000000  -0.7465000000000  -0.9467000000000
O22     1.0083000000000  -0.9345000000000  -1.1165000000000
C23     0.8403000000000  -5.0451000000000   3.3896000000000
C24     2.2810000000000  -4.9620000000000   3.7142000000000
P25     0.0421000000000   0.1918000000000  -0.4497000000000
O26    -0.5094000000000   1.0141000000000  -1.5716000000000
O27     0.7923000000000   0.9196000000000   0.6397000000000
C28    -3.9510000000000   0.5286000000000  -1.7921000000000
C29    -5.9456000000000  -1.3128000000000  -0.6548000000000
C30    -4.0764000000000   0.0781000000000   1.2904000000000
C31     4.1991000000000   0.9589000000000  -0.2104000000000
C32     5.7538000000000  -1.5614000000000  -0.9213000000000
C33     3.4535000000000  -0.6672000000000  -2.7028000000000
C34    -3.0457000000000   0.2837000000000  -2.7537000000000
C35    -4.8415000000000   1.7080000000000  -1.9176000000000
C36    -6.8557000000000  -1.2876000000000   0.3340000000000
C37    -6.3396000000000  -1.8138000000000  -1.9944000000000
C38    -4.0704000000000   1.4076000000000   1.4750000000000
C39    -4.0188000000000  -0.8214000000000   2.4684000000000
C40     4.7491000000000   1.9647000000000  -0.9119000000000
C41     3.7344000000000   1.2077000000000   1.1755000000000
C42     6.8724000000000  -0.8511000000000  -0.6938000000000
C43     5.8552000000000  -3.0285000000000  -1.1223000000000
C44     3.6066000000000  -1.7082000000000  -3.5386000000000
C45     2.7034000000000   0.5248000000000  -3.1648000000000
C46    -2.8845000000000   1.2241000000000  -3.8821000000000
C47    -3.6693000000000   2.3038000000000  -3.9724000000000
C48    -4.7006000000000   2.5535000000000  -2.9457000000000
C49    -8.2293000000000  -1.7769000000000   0.0920000000000
C50    -8.5757000000000  -2.2365000000000  -1.1161000000000
C51    -7.5850000000000  -2.2537000000000  -2.2109000000000
C52    -4.0439000000000   1.9674000000000   2.8422000000000
C53    -3.9969000000000   1.1518000000000   3.9019000000000
C54    -3.9778000000000  -0.3115000000000   3.7053000000000
C55     4.8553000000000   3.3144000000000  -0.3204000000000
C56     4.4146000000000   3.5379000000000   0.9228000000000
C57     3.8355000000000   2.4313000000000   1.7097000000000
C58     8.1891000000000  -1.5220000000000  -0.6693000000000
C59     8.2735000000000  -2.8430000000000  -0.8633000000000
C60     7.0488000000000  -3.6335000000000  -1.0962000000000
C61     3.0690000000000  -1.6460000000000  -4.9142000000000
C62     2.4070000000000  -0.5593000000000  -5.3278000000000
C63     2.2079000000000   0.5764000000000  -4.4066000000000
C64     1.5102000000000   6.5898000000000  -1.7050000000000
C65     0.8595000000000   6.1276000000000  -0.5664000000000
C66     0.8826000000000   4.7691000000000  -0.2402000000000
C67     1.5293000000000   3.8607000000000  -1.0861000000000
C68     2.1695000000000   4.3267000000000  -2.2277000000000
C69     2.1675000000000   5.6873000000000  -2.5339000000000
C70     0.2004000000000   4.3437000000000   0.9919000000000
N71     0.6097000000000   3.2273000000000   1.6535000000000
S72     0.1465000000000   3.1371000000000   3.2766000000000
O73     0.9970000000000   4.0103000000000   4.0564000000000
O74    -1.3033000000000   3.3250000000000   3.3314000000000
C75     0.4933000000000   1.4094000000000   3.6224000000000
C76    -0.4411000000000   0.4646000000000   3.2220000000000
C77    -0.1568000000000  -0.8594000000000   3.5267000000000
C78     1.0241000000000  -1.1504000000000   4.2002000000000
C79     1.8909000000000  -0.1095000000000   4.5267000000000
N80     1.6318000000000   1.1675000000000   4.2444000000000
N81    -1.5091000000000   3.3515000000000  -0.9282000000000
C82    -1.7284000000000   4.2681000000000  -1.8629000000000
C83    -2.2080000000000   5.4547000000000  -1.2661000000000
C84    -2.2476000000000   5.2161000000000   0.0936000000000
C85    -1.7139000000000   3.9175000000000   0.3254000000000
H86     0.8705000000000  -5.2404000000000  -0.4936000000000
H87     0.0972000000000  -7.3698000000000  -1.2856000000000
H88    -3.9277000000000  -5.8904000000000  -1.6574000000000
H89    -4.4130000000000  -3.4910000000000  -1.0756000000000
H90    -2.3602000000000  -7.7167000000000  -1.8683000000000
H91    -0.7578000000000  -4.4203000000000   2.2036000000000
H92     4.4710000000000  -2.5347000000000   1.4240000000000
H93     4.1577000000000  -4.1352000000000   3.2887000000000
H94     0.2042000000000  -5.6834000000000   3.9893000000000
H95     2.6687000000000  -5.5491000000000   4.5367000000000
H96     0.7474000000000   2.2573000000000   1.1495000000000
H97    -2.4205000000000  -0.5986000000000  -2.7219000000000
H98    -5.6199000000000   1.8840000000000  -1.1860000000000
H99    -6.6080000000000  -0.9111000000000   1.3163000000000
H100   -5.6196000000000  -1.8272000000000  -2.8034000000000
H101   -4.1018000000000   2.0903000000000   0.6406000000000
H102   -4.0100000000000  -1.8957000000000   2.3330000000000
H103    5.1162000000000   1.8030000000000  -1.9177000000000
H104    3.3137000000000   0.4041000000000   1.7655000000000
H105    6.8370000000000   0.2159000000000  -0.5291000000000
H106    4.9625000000000  -3.6226000000000  -1.2704000000000
H107    4.1167000000000  -2.6065000000000  -3.2260000000000
H108    2.5170000000000   1.3413000000000  -2.4868000000000
H109   -2.1298000000000   1.0363000000000  -4.6348000000000
H110   -3.5520000000000   2.9941000000000  -4.7976000000000
H111   -5.3489000000000   3.4156000000000  -3.0332000000000
H112   -8.9550000000000  -1.7604000000000   0.8949000000000
H113   -9.5817000000000  -2.5937000000000  -1.2943000000000
H114   -7.8694000000000  -2.6208000000000  -3.1885000000000
H115   -4.0612000000000   3.0403000000000   2.9830000000000
H116   -3.9710000000000   1.5617000000000   4.9031000000000
H117   -3.9326000000000  -0.9695000000000   4.5632000000000
H118    5.2808000000000   4.1236000000000  -0.8995000000000
H119    4.4827000000000   4.5279000000000   1.3546000000000
H120    3.4951000000000   2.6140000000000   2.7200000000000
H121    9.0852000000000  -0.9409000000000  -0.4939000000000
H122    9.2372000000000  -3.3353000000000  -0.8445000000000
H123    7.1183000000000  -4.7044000000000  -1.2370000000000
H124    3.2093000000000  -2.4840000000000  -5.5846000000000
H125    2.0091000000000  -0.5141000000000  -6.3333000000000
H126    1.6480000000000   1.4437000000000  -4.7323000000000
H127    1.5026000000000   7.6485000000000  -1.9414000000000
H128    0.3361000000000   6.8234000000000   0.0840000000000
H129    1.5260000000000   2.8016000000000  -0.8412000000000
H130    2.6813000000000   3.6343000000000  -2.8855000000000
H131    2.6779000000000   6.0403000000000  -3.4244000000000
H132   -0.0887000000000   5.1622000000000   1.6503000000000
H133   -1.3273000000000   0.7493000000000   2.6713000000000
H134   -0.8471000000000  -1.6427000000000   3.2333000000000
H135    1.2806000000000  -2.1681000000000   4.4704000000000
H136    2.8298000000000  -0.3055000000000   5.0366000000000
H137   -1.1239000000000   2.3798000000000  -1.1410000000000
H138   -1.5234000000000   4.0553000000000  -2.9032000000000
H139   -2.4686000000000   6.3617000000000  -1.7905000000000
H140   -2.5620000000000   5.8936000000000   0.8762000000000
H141   -1.9265000000000   3.2935000000000   1.1826000000000
&
