MAEFILE: Toru-SiPh3-NTf-Type-II-E-Sulfonyl-1-chkp-scan-207-unrestrained-IRC-max-disp-SPE.mae
&gen
epsout=2.38
radprb=2.76
solvent=other
isolv=2
basis=6-31G**
gdftgrad=-13
gdftmed=-13
gdftfine=-13
dftname=M06-2X
iacc=1
&
entry_name: Toru-SiPh3-NTf-Type-II-E-Sulfonyl-1-chkp-scan-207-unrestrained-IRC-max-disp
&zmat
C1     -3.1424000000000  -4.6838000000000  -1.6435000000000
C2     -1.7497000000000  -4.3312000000000  -1.2447000000000
C3     -3.4973000000000  -5.9629000000000  -1.8106000000000
C4     -0.8721000000000  -5.3283000000000  -0.9999000000000
C5     -1.3159000000000  -2.9079000000000  -1.0769000000000
C6     -1.2734000000000  -6.7415000000000  -1.1941000000000
C7      0.4735000000000  -5.0197000000000  -0.4882000000000
C8     -2.5161000000000  -7.0400000000000  -1.5855000000000
C9     -0.1136000000000  -2.6394000000000  -0.5028000000000
C10    -2.2259000000000  -1.8055000000000  -1.4851000000000
C11     0.8264000000000  -3.7578000000000  -0.2082000000000
O12     0.3573000000000  -1.3519000000000  -0.3831000000000
Si13    2.4836000000000  -3.4124000000000   0.5807000000000
C14    -2.7122000000000  -1.6772000000000  -2.7405000000000
C15    -2.6900000000000  -0.8767000000000  -0.4255000000000
C16    -3.8164000000000  -0.7176000000000  -3.0021000000000
C17    -2.2027000000000  -2.4667000000000  -3.8886000000000
C18    -4.3287000000000   0.0124000000000  -2.0013000000000
C19    -4.3578000000000  -0.6197000000000  -4.3716000000000
C20    -3.7469000000000  -0.0681000000000  -0.6429000000000
Si21   -4.4730000000000   1.0155000000000   0.6937000000000
O22    -1.9817000000000  -0.8117000000000   0.7466000000000
C23    -2.7392000000000  -2.3186000000000  -5.1056000000000
C24    -3.8497000000000  -1.3732000000000  -5.3533000000000
P25    -0.4577000000000  -0.2681000000000   0.5418000000000
O26     0.1621000000000  -0.0648000000000   1.8828000000000
N27    -0.6151000000000   1.0517000000000  -0.4151000000000
C28     3.5675000000000  -4.9238000000000   0.5476000000000
C29     3.2977000000000  -2.0322000000000  -0.3649000000000
C30     2.2361000000000  -2.9914000000000   2.3758000000000
C31    -3.9191000000000   2.7809000000000   0.4557000000000
C32    -6.3258000000000   0.8877000000000   0.5394000000000
C33    -3.9597000000000   0.3787000000000   2.3725000000000
C34     4.6644000000000  -4.9817000000000  -0.2266000000000
C35     3.2343000000000  -6.0710000000000   1.4266000000000
C36     3.9226000000000  -1.0228000000000   0.2629000000000
C37     3.2590000000000  -2.0553000000000  -1.8470000000000
C38     3.2971000000000  -2.8663000000000   3.1906000000000
C39     0.8682000000000  -2.8786000000000   2.9410000000000
C40    -3.2055000000000   3.1454000000000  -0.6234000000000
C41    -4.2789000000000   3.8060000000000   1.4668000000000
C42    -7.1084000000000   1.9810000000000   0.5313000000000
C43    -6.9479000000000  -0.4488000000000   0.3676000000000
C44    -4.3091000000000  -0.8602000000000   2.7612000000000
C45    -3.0834000000000   1.1903000000000   3.2532000000000
C46     5.5183000000000  -6.1881000000000  -0.2157000000000
C47     5.2077000000000  -7.2236000000000   0.5730000000000
C48     4.0109000000000  -7.1612000000000   1.4358000000000
C49     4.5747000000000   0.0489000000000  -0.5179000000000
C50     4.5342000000000   0.0239000000000  -1.8545000000000
C51     3.8411000000000  -1.0772000000000  -2.5518000000000
C52     3.1033000000000  -2.5865000000000   4.6284000000000
C53     1.8678000000000  -2.4622000000000   5.1273000000000
C54     0.6959000000000  -2.6177000000000   4.2426000000000
C55    -2.7808000000000   4.5507000000000  -0.7958000000000
C56    -3.0966000000000   5.4659000000000   0.1272000000000
C57    -3.8825000000000   5.0751000000000   1.3139000000000
C58    -8.5740000000000   1.8480000000000   0.3947000000000
C59    -9.1290000000000   0.6383000000000   0.2607000000000
C60    -8.2752000000000  -0.5655000000000   0.2393000000000
C61    -3.8335000000000  -1.4021000000000   4.0510000000000
C62    -3.0421000000000  -0.6646000000000   4.8371000000000
C63    -2.6491000000000   0.6944000000000   4.4183000000000
C64     4.6451000000000   1.9318000000000   4.4155000000000
C65     4.7369000000000   2.7818000000000   3.3251000000000
C66     3.8639000000000   2.6177000000000   2.2232000000000
C67     2.8920000000000   1.5941000000000   2.2426000000000
C68     2.7969000000000   0.7599000000000   3.3471000000000
C69     3.6709000000000   0.9255000000000   4.4260000000000
C70     4.0055000000000   3.5517000000000   1.1479000000000
N71     3.3665000000000   3.5582000000000   0.0122000000000
S72     3.6164000000000   4.9177000000000  -1.1300000000000
O73     2.2943000000000   5.4656000000000  -1.3779000000000
O74     4.7032000000000   5.6900000000000  -0.5427000000000
C75     4.1658000000000   4.0090000000000  -2.5975000000000
C76     3.2012000000000   3.5788000000000  -3.5035000000000
C77     3.6774000000000   2.8928000000000  -4.6230000000000
C78     5.0495000000000   2.6996000000000  -4.7652000000000
C79     5.9105000000000   3.1799000000000  -3.7730000000000
N80     5.4750000000000   3.8241000000000  -2.6856000000000
N81    -0.1102000000000   2.7704000000000   2.7949000000000
C82     0.0913000000000   3.2726000000000   4.0565000000000
C83     0.0064000000000   4.6486000000000   3.9882000000000
C84    -0.2608000000000   4.9862000000000   2.6299000000000
C85    -0.3307000000000   3.8053000000000   1.9187000000000
H86    -3.8911000000000  -3.9166000000000  -1.7855000000000
H87    -4.5104000000000  -6.2119000000000  -2.0992000000000
H88    -0.5622000000000  -7.5387000000000  -1.0163000000000
H89     1.1489000000000  -5.8408000000000  -0.2971000000000
H90    -2.8090000000000  -8.0726000000000  -1.7250000000000
H91    -1.3779000000000  -3.1567000000000  -3.7641000000000
H92    -5.1493000000000   0.6946000000000  -2.1902000000000
H93    -5.1701000000000   0.0630000000000  -4.5907000000000
H94    -2.3506000000000  -2.8986000000000  -5.9329000000000
H95    -4.2554000000000  -1.2901000000000  -6.3534000000000
H96     4.9431000000000  -4.1568000000000  -0.8676000000000
H97     2.3601000000000  -6.0315000000000   2.0646000000000
H98     3.9732000000000  -0.9799000000000   1.3397000000000
H99     2.7545000000000  -2.8609000000000  -2.3656000000000
H100    4.3048000000000  -2.9785000000000   2.8099000000000
H101   -0.0015000000000  -3.0026000000000   2.3108000000000
H102   -2.9312000000000   2.4275000000000  -1.3835000000000
H103   -4.8597000000000   3.5296000000000   2.3380000000000
H104   -6.6918000000000   2.9724000000000   0.6227000000000
H105   -6.3325000000000  -1.3368000000000   0.3156000000000
H106   -4.9107000000000  -1.4946000000000   2.1277000000000
H107   -2.7682000000000   2.1783000000000   2.9564000000000
H108    6.3965000000000  -6.2307000000000  -0.8469000000000
H109    5.8330000000000  -8.1070000000000   0.5822000000000
H110    3.7650000000000  -7.9981000000000   2.0766000000000
H111    5.0834000000000   0.8551000000000  -0.0058000000000
H112    5.0097000000000   0.8077000000000  -2.4260000000000
H113    3.8065000000000  -1.0913000000000  -3.6334000000000
H114    3.9638000000000  -2.4771000000000   5.2754000000000
H115    1.7247000000000  -2.2513000000000   6.1790000000000
H116   -0.3025000000000  -2.5262000000000   4.6506000000000
H117   -2.2088000000000   4.8365000000000  -1.6688000000000
H118   -2.7797000000000   6.4935000000000   0.0052000000000
H119   -4.1403000000000   5.8182000000000   2.0572000000000
H120   -9.1972000000000   2.7330000000000   0.4028000000000
H121  -10.2020000000000   0.5400000000000   0.1591000000000
H122   -8.7245000000000  -1.5412000000000   0.1065000000000
H123   -4.1185000000000  -2.4018000000000   4.3522000000000
H124   -2.6856000000000  -1.0631000000000   5.7782000000000
H125   -2.0040000000000   1.2858000000000   5.0543000000000
H126    5.3151000000000   2.0540000000000   5.2600000000000
H127    5.4758000000000   3.5779000000000   3.3099000000000
H128    2.2078000000000   1.4489000000000   1.4159000000000
H129    2.0223000000000   0.0025000000000   3.3466000000000
H130    3.5886000000000   0.2735000000000   5.2904000000000
H131    4.7216000000000   4.3654000000000   1.2678000000000
H132    2.1457000000000   3.7563000000000  -3.3337000000000
H133    2.9799000000000   2.5132000000000  -5.3613000000000
H134    5.4539000000000   2.1756000000000  -5.6247000000000
H135    6.9851000000000   3.0360000000000  -3.8477000000000
H136   -0.1229000000000   1.7830000000000   2.5460000000000
H137    0.2749000000000   2.6153000000000   4.8937000000000
H138    0.1186000000000   5.3324000000000   4.8187000000000
H139   -0.3966000000000   5.9772000000000   2.2193000000000
H140   -0.5324000000000   3.6163000000000   0.8757000000000
S141    0.4023000000000   1.7350000000000  -1.3698000000000
O142    1.8509000000000   1.5610000000000  -0.9958000000000
C143    0.2701000000000   0.8509000000000  -3.0228000000000
O144    0.0196000000000   3.1090000000000  -1.7146000000000
F145    0.6853000000000  -0.4155000000000  -2.9738000000000
F146   -1.0036000000000   0.8722000000000  -3.4280000000000
F147    1.0144000000000   1.5006000000000  -3.9405000000000
H148    2.6721000000000   2.8209000000000  -0.3003000000000
&
