MAEFILE: B3LYP-SPE-Toru-SiPh3-Type-I-E-6-chkp-unrestrained.mae
&gen
epsout=2.38
radprb=2.76
isolv=2
solvent=other
basis=6-31G**
gdftgrad=-13
gdftmed=-13
rsinglet=0
gdftfine=-13
dftname=B3LYP
iacc=1
&
entry_name: Toru-SiPh3-Type-I-E-6-chkp-unrestrained.1
&zmat
C1     -1.6490000000000   5.4634000000000   0.4712000000000
C2     -2.2907000000000   4.1369000000000   0.2530000000000
C3     -2.3460000000000   6.4730000000000   1.0052000000000
C4     -3.5703000000000   3.9575000000000   0.6473000000000
C5     -1.5374000000000   2.9904000000000  -0.3403000000000
C6     -4.3350000000000   5.0837000000000   1.2319000000000
C7     -4.2070000000000   2.6348000000000   0.5124000000000
C8     -3.7546000000000   6.2770000000000   1.3958000000000
C9     -2.0886000000000   1.7578000000000  -0.3472000000000
C10    -0.1643000000000   3.1736000000000  -0.8694000000000
C11    -3.5197000000000   1.5868000000000   0.0336000000000
O12    -1.3606000000000   0.6892000000000  -0.8103000000000
Si13   -4.3998000000000  -0.0512000000000  -0.1141000000000
C14     0.1100000000000   4.0236000000000  -1.8856000000000
C15     0.9449000000000   2.4318000000000  -0.2065000000000
C16     1.5223000000000   4.3209000000000  -2.2274000000000
C17    -0.9443000000000   4.6974000000000  -2.6856000000000
C18     2.5167000000000   3.7616000000000  -1.5275000000000
C19     1.8021000000000   5.2722000000000  -3.3215000000000
C20     2.2239000000000   2.7931000000000  -0.4448000000000
Si21    3.6610000000000   2.0467000000000   0.4844000000000
O22     0.6484000000000   1.4932000000000   0.7522000000000
C23    -0.6154000000000   5.5478000000000  -3.6653000000000
C24     0.7961000000000   5.8461000000000  -3.9903000000000
P25    -0.1758000000000   0.1687000000000   0.2134000000000
O26    -0.7803000000000  -0.4440000000000   1.4585000000000
O27     0.7427000000000  -0.6888000000000  -0.6307000000000
C28    -4.3454000000000  -0.9290000000000   1.5319000000000
C29    -6.1752000000000   0.3146000000000  -0.5599000000000
C30    -3.6719000000000  -1.0671000000000  -1.4978000000000
C31     3.8627000000000   0.3050000000000  -0.1338000000000
C32     5.2022000000000   3.0193000000000   0.1230000000000
C33     3.4498000000000   2.1599000000000   2.3332000000000
C34    -3.7249000000000  -0.3739000000000   2.5877000000000
C35    -5.0527000000000  -2.2225000000000   1.7060000000000
C36    -6.4681000000000   0.9285000000000  -1.7195000000000
C37    -7.2768000000000  -0.0163000000000   0.3799000000000
C38    -3.4421000000000  -2.3830000000000  -1.3568000000000
C39    -3.3903000000000  -0.4201000000000  -2.8040000000000
C40     4.0216000000000  -0.7309000000000   0.7047000000000
C41     3.9135000000000   0.0706000000000  -1.5974000000000
C42     6.2784000000000   2.4518000000000  -0.4476000000000
C43     5.2465000000000   4.4520000000000   0.5015000000000
C44     4.3960000000000   1.6582000000000   3.1456000000000
C45     2.2920000000000   2.8746000000000   2.9273000000000
C46    -3.7398000000000  -1.0495000000000   3.9015000000000
C47    -4.3713000000000  -2.2198000000000   4.0477000000000
C48    -5.0587000000000  -2.8353000000000   2.8958000000000
C49    -7.8703000000000   1.2317000000000  -2.0727000000000
C50    -8.8584000000000   0.9113000000000  -1.2303000000000
C51    -8.5460000000000   0.2631000000000   0.0583000000000
C52    -2.9795000000000  -3.1862000000000  -2.5067000000000
C53    -2.7530000000000  -2.6012000000000  -3.6877000000000
C54    -2.9526000000000  -1.1472000000000  -3.8388000000000
C55     4.2894000000000  -2.0833000000000   0.1744000000000
C56     4.3618000000000  -2.2830000000000  -1.1450000000000
C57     4.1485000000000  -1.1573000000000  -2.0755000000000
C58     7.4898000000000   3.2569000000000  -0.7102000000000
C59     7.5216000000000   4.5519000000000  -0.3737000000000
C60     6.3454000000000   5.1781000000000   0.2632000000000
C61     4.2402000000000   1.7379000000000   4.6126000000000
C62     3.1710000000000   2.3436000000000   5.1409000000000
C63     2.1565000000000   2.9509000000000   4.2570000000000
C64     2.9882000000000  -4.6447000000000   3.5393000000000
C65     2.2370000000000  -4.8519000000000   2.3858000000000
C66     1.6053000000000  -3.7763000000000   1.7386000000000
C67     1.7053000000000  -2.4919000000000   2.2976000000000
C68     2.4456000000000  -2.2923000000000   3.4622000000000
C69     3.0952000000000  -3.3613000000000   4.0800000000000
C70     0.8666000000000  -4.0748000000000   0.4914000000000
N71     0.9398000000000  -3.2343000000000  -0.5927000000000
S72     0.6119000000000  -3.8780000000000  -2.1238000000000
O73    -0.2925000000000  -5.0224000000000  -1.9493000000000
O74     0.2901000000000  -2.7617000000000  -3.0058000000000
C75     2.2088000000000  -4.5425000000000  -2.6705000000000
C76     2.7755000000000  -4.0494000000000  -3.8425000000000
C77     3.9813000000000  -4.6222000000000  -4.2490000000000
C78     4.5423000000000  -5.6347000000000  -3.4729000000000
C79     3.8784000000000  -6.0391000000000  -2.3117000000000
N80     2.7206000000000  -5.5047000000000  -1.9092000000000
N81    -1.2859000000000  -2.9884000000000   1.8557000000000
C82    -1.3281000000000  -3.3626000000000   3.1329000000000
C83    -1.3310000000000  -4.7750000000000   3.2233000000000
C84    -1.2525000000000  -5.2481000000000   1.9276000000000
C85    -1.1208000000000  -4.1234000000000   1.0521000000000
H86    -0.6104000000000   5.6257000000000   0.2166000000000
H87    -1.8746000000000   7.4346000000000   1.1620000000000
H88    -5.3667000000000   4.9443000000000   1.5302000000000
H89    -5.2400000000000   2.5230000000000   0.8188000000000
H90    -4.3134000000000   7.0989000000000   1.8242000000000
H91    -1.9925000000000   4.4987000000000  -2.5029000000000
H92     3.5428000000000   3.9951000000000  -1.7802000000000
H93     2.8242000000000   5.5141000000000  -3.5877000000000
H94    -1.3978000000000   6.0258000000000  -4.2408000000000
H95     1.0156000000000   6.5422000000000  -4.7897000000000
H96     0.8889000000000  -2.1277000000000  -0.5558000000000
H97    -3.2138000000000   0.5753000000000   2.5035000000000
H98    -5.5856000000000  -2.6682000000000   0.8756000000000
H99    -5.6898000000000   1.2206000000000  -2.4085000000000
H100   -7.0694000000000  -0.4642000000000   1.3405000000000
H101   -3.6155000000000  -2.8875000000000  -0.4206000000000
H102   -3.5114000000000   0.6483000000000  -2.9227000000000
H103    3.9875000000000  -0.5967000000000   1.7734000000000
H104    3.7701000000000   0.8940000000000  -2.2858000000000
H105    6.2843000000000   1.4052000000000  -0.7184000000000
H106    4.3877000000000   4.9175000000000   0.9693000000000
H107    5.2801000000000   1.1819000000000   2.7403000000000
H108    1.5625000000000   3.3646000000000   2.2988000000000
H109   -3.2328000000000  -0.5973000000000   4.7439000000000
H110   -4.3774000000000  -2.7183000000000   5.0083000000000
H111   -5.5775000000000  -3.7770000000000   3.0194000000000
H112   -8.0952000000000   1.7149000000000  -3.0147000000000
H113   -9.8860000000000   1.1339000000000  -1.4869000000000
H114   -9.3460000000000   0.0249000000000   0.7474000000000
H115   -2.8372000000000  -4.2525000000000  -2.3932000000000
H116   -2.4142000000000  -3.1899000000000  -4.5304000000000
H117   -2.7406000000000  -0.6706000000000  -4.7871000000000
H118    4.4457000000000  -2.9083000000000   0.8573000000000
H119    4.5859000000000  -3.2669000000000  -1.5305000000000
H120    4.1917000000000  -1.3263000000000  -3.1436000000000
H121    8.3518000000000   2.7955000000000  -1.1744000000000
H122    8.4085000000000   5.1420000000000  -0.5651000000000
H123    6.3753000000000   6.2247000000000   0.5376000000000
H124    4.9925000000000   1.3030000000000   5.2578000000000
H125    3.0549000000000   2.4031000000000   6.2153000000000
H126    1.3126000000000   3.4743000000000   4.6877000000000
H127    3.4879000000000  -5.4829000000000   4.0158000000000
H128    2.1543000000000  -5.8509000000000   1.9664000000000
H129    1.2018000000000  -1.6523000000000   1.8353000000000
H130    2.5161000000000  -1.2922000000000   3.8795000000000
H131    3.6781000000000  -3.1976000000000   4.9817000000000
H132    0.8946000000000  -5.1212000000000   0.2070000000000
H133    2.2883000000000  -3.2528000000000  -4.3911000000000
H134    4.4728000000000  -4.2793000000000  -5.1541000000000
H135    5.4792000000000  -6.1039000000000  -3.7541000000000
H136    4.2924000000000  -6.8208000000000  -1.6794000000000
H137   -1.1650000000000  -1.9709000000000   1.5654000000000
H138   -1.3275000000000  -2.6269000000000   3.9251000000000
H139   -1.3724000000000  -5.3468000000000   4.1391000000000
H140   -1.2355000000000  -6.2800000000000   1.6033000000000
H141   -1.4617000000000  -4.1112000000000   0.0268000000000
&
