MAEFILE: Type-II-Z-sulfonyl-bind-4-chkp-2-scan-unrestrained-IRC-max-disp-SPE.mae
&gen
epsout=2.38
radprb=2.76
solvent=other
isolv=2
basis=6-31G**
gdftgrad=-13
gdftmed=-13
gdftfine=-13
dftname=M06-2X
iacc=1
&
entry_name: Type-II-Z-sulfonyl-bind-4-chkp-2-scan-unrestrained-IRC-max-disp.1
&zmat
C1      1.5874000000000   2.8897000000000  -0.7028000000000
C2     -0.2097000000000   4.9745000000000  -0.0511000000000
C3     -0.6929000000000   3.5770000000000  -0.0898000000000
C4      0.1793000000000   2.5706000000000  -0.3151000000000
H5     -0.8976000000000   5.7759000000000   0.1876000000000
C6      4.5315000000000  -0.0251000000000  -1.8176000000000
C7      3.9258000000000  -0.1022000000000  -0.6218000000000
C8      2.7607000000000   0.7786000000000  -0.3378000000000
C9      2.4745000000000   1.7963000000000  -1.1722000000000
H10     5.4180000000000  -0.6049000000000  -2.0309000000000
C11     2.0305000000000   4.1677000000000  -0.6149000000000
C12     1.0781000000000   5.2538000000000  -0.2768000000000
C13     1.5744000000000   6.6434000000000  -0.2191000000000
C14     2.8651000000000   6.9090000000000  -0.4451000000000
C15     3.8309000000000   5.8325000000000  -0.7496000000000
C16     3.4512000000000   4.5518000000000  -0.8283000000000
H17     0.8960000000000   7.4574000000000   0.0071000000000
H18     3.2156000000000   7.9321000000000  -0.3978000000000
H19     4.8711000000000   6.0900000000000  -0.9030000000000
H20     4.2077000000000   3.8042000000000  -1.0271000000000
C21     4.0606000000000   0.9339000000000  -2.8370000000000
C22     3.0918000000000   1.8249000000000  -2.5299000000000
C23     2.6235000000000   2.7757000000000  -3.5734000000000
C24     3.1818000000000   2.7714000000000  -4.7894000000000
C25     4.2615000000000   1.8166000000000  -5.1069000000000
C26     4.6783000000000   0.9437000000000  -4.1831000000000
H27     1.8215000000000   3.4717000000000  -3.3651000000000
H28     2.8383000000000   3.4643000000000  -5.5466000000000
H29     4.7115000000000   1.8219000000000  -6.0912000000000
H30     5.4678000000000   0.2429000000000  -4.4245000000000
Si31   -2.5085000000000   3.2687000000000   0.2224000000000
Si32    4.7277000000000  -1.0584000000000   0.7677000000000
C33    -4.0573000000000   0.0832000000000  -2.8513000000000
C34    -4.5669000000000   0.1076000000000  -1.6153000000000
C35    -4.0725000000000   1.0903000000000  -0.6284000000000
C36    -3.1202000000000   1.9739000000000  -0.9714000000000
C37    -2.5598000000000   1.9388000000000  -2.3455000000000
C38    -3.0004000000000   1.0392000000000  -3.2324000000000
H39    -4.4195000000000  -0.6326000000000  -3.5753000000000
H40    -5.3418000000000  -0.5934000000000  -1.3336000000000
H41    -4.5005000000000   1.0799000000000   0.3616000000000
H42    -1.7848000000000   2.6360000000000  -2.6376000000000
H43    -2.5850000000000   1.0120000000000  -4.2314000000000
C44    -3.1272000000000   2.0965000000000   4.7204000000000
C45    -4.1875000000000   2.2995000000000   3.9303000000000
C46    -3.9956000000000   2.6470000000000   2.5078000000000
C47    -2.7571000000000   2.7737000000000   2.0012000000000
C48    -1.5866000000000   2.5783000000000   2.8912000000000
C49    -1.7634000000000   2.2441000000000   4.1753000000000
H50    -3.2666000000000   1.8332000000000   5.7608000000000
H51    -5.1888000000000   2.2039000000000   4.3294000000000
H52    -4.8685000000000   2.8241000000000   1.8925000000000
H53    -0.5811000000000   2.7050000000000   2.5139000000000
H54    -0.9073000000000   2.0942000000000   4.8203000000000
C55    -4.7877000000000   7.2623000000000  -0.6944000000000
C56    -4.2562000000000   6.5469000000000  -1.6920000000000
C57    -3.5401000000000   5.2877000000000  -1.4007000000000
C58    -3.4311000000000   4.8459000000000  -0.1361000000000
C59    -4.0065000000000   5.6549000000000   0.9675000000000
C60    -4.6515000000000   6.7973000000000   0.7002000000000
H61    -5.3115000000000   8.1855000000000  -0.9060000000000
H62    -4.3486000000000   6.8887000000000  -2.7148000000000
H63    -3.1070000000000   4.7349000000000  -2.2232000000000
H64    -3.8931000000000   5.3444000000000   1.9967000000000
H65    -5.0658000000000   7.3886000000000   1.5066000000000
C66     8.1678000000000  -3.8066000000000  -0.8830000000000
C67     8.4243000000000  -2.9428000000000   0.1051000000000
C68     7.3516000000000  -2.0682000000000   0.6234000000000
C69     6.1071000000000  -2.1433000000000   0.1176000000000
C70     5.8403000000000  -3.0876000000000  -0.9969000000000
C71     6.8145000000000  -3.8761000000000  -1.4665000000000
H72     8.9528000000000  -4.4473000000000  -1.2635000000000
H73     9.4183000000000  -2.8832000000000   0.5293000000000
H74     7.5986000000000  -1.3763000000000   1.4140000000000
H75     4.8682000000000  -3.1179000000000  -1.4669000000000
H76     6.6167000000000  -4.5541000000000  -2.2867000000000
C77     1.7624000000000  -3.8285000000000   3.1225000000000
C78     2.1115000000000  -2.6416000000000   3.6289000000000
C79     2.9969000000000  -1.7416000000000   2.8630000000000
C80     3.4716000000000  -2.1135000000000   1.6601000000000
C81     3.0367000000000  -3.4103000000000   1.0860000000000
C82     2.2305000000000  -4.2222000000000   1.7806000000000
H83     1.1185000000000  -4.4920000000000   3.6853000000000
H84     1.7533000000000  -2.3413000000000   4.6051000000000
H85     3.2646000000000  -0.7916000000000   3.3037000000000
H86     3.3676000000000  -3.7194000000000   0.1089000000000
H87     1.9190000000000  -5.1694000000000   1.3595000000000
C88     6.5063000000000   2.0099000000000   3.8457000000000
C89     6.0302000000000   2.4481000000000   2.6747000000000
C90     5.4748000000000   1.4914000000000   1.6952000000000
C91     5.4389000000000   0.1765000000000   1.9767000000000
C92     5.9762000000000  -0.3018000000000   3.2752000000000
C93     6.4797000000000   0.5675000000000   4.1596000000000
H94     6.9131000000000   2.7102000000000   4.5638000000000
H95     6.0502000000000   3.5049000000000   2.4413000000000
H96     5.1101000000000   1.8764000000000   0.7536000000000
H97     5.9617000000000  -1.3581000000000   3.5130000000000
H98     6.8690000000000   0.2155000000000   5.1061000000000
O99    -0.2700000000000   1.2723000000000  -0.3244000000000
O100    2.0620000000000   0.6373000000000   0.8345000000000
P101    0.5034000000000   0.1739000000000   0.6213000000000
O102   -0.1043000000000   0.0614000000000   1.9805000000000
N103   -2.9922000000000  -2.4680000000000  -0.3319000000000
H104   -2.1855000000000  -2.1373000000000  -0.9354000000000
C105   -3.1936000000000  -1.8280000000000   0.8116000000000
C106   -6.4946000000000  -1.4691000000000   3.4365000000000
C107   -5.2516000000000  -0.9293000000000   3.7639000000000
C108   -4.1848000000000  -1.0653000000000   2.8827000000000
C109   -4.3409000000000  -1.7907000000000   1.6787000000000
C110   -5.6121000000000  -2.3169000000000   1.3484000000000
C111   -6.6738000000000  -2.1456000000000   2.2227000000000
H112   -7.3323000000000  -1.3505000000000   4.1174000000000
H113   -5.1169000000000  -0.3962000000000   4.6989000000000
H114   -3.2245000000000  -0.6172000000000   3.1075000000000
H115   -5.7703000000000  -2.8255000000000   0.4070000000000
H116   -7.6510000000000  -2.5377000000000   1.9598000000000
H117   -2.4209000000000  -1.0854000000000   1.0110000000000
N118    0.4200000000000  -1.2012000000000  -0.2493000000000
S119    0.1922000000000  -1.3452000000000  -1.8036000000000
O120    0.8577000000000  -0.3916000000000  -2.6995000000000
O121   -1.2448000000000  -1.6304000000000  -2.1301000000000
C122    1.0124000000000  -2.9871000000000  -2.1250000000000
F123    0.6102000000000  -3.4362000000000  -3.3236000000000
F124    2.3390000000000  -2.8359000000000  -2.1486000000000
F125    0.6852000000000  -3.8881000000000  -1.1974000000000
C126   -1.3263000000000  -3.1979000000000   2.3410000000000
C127   -2.1097000000000  -4.1456000000000   2.9954000000000
C128   -2.3364000000000  -3.6667000000000   4.3034000000000
C129   -1.6728000000000  -2.4473000000000   4.4145000000000
N130   -1.0578000000000  -2.1838000000000   3.2287000000000
H131   -0.8325000000000  -3.2251000000000   1.3808000000000
H132   -2.4713000000000  -5.0685000000000   2.5653000000000
H133   -2.9125000000000  -4.1453000000000   5.0827000000000
H134   -1.5973000000000  -1.7621000000000   5.2466000000000
H135   -0.5486000000000  -1.3327000000000   2.9563000000000
S136   -3.4631000000000  -4.0735000000000  -0.8607000000000
O137   -2.1935000000000  -4.6896000000000  -1.2277000000000
O138   -4.3547000000000  -4.6655000000000   0.1243000000000
C139   -5.7231000000000  -3.0842000000000  -4.6229000000000
C140   -6.3166000000000  -3.1113000000000  -3.3579000000000
N141   -5.6359000000000  -3.4016000000000  -2.2436000000000
C142   -4.3452000000000  -3.6695000000000  -2.3903000000000
C143   -3.6303000000000  -3.6547000000000  -3.5853000000000
C144   -4.3599000000000  -3.3521000000000  -4.7363000000000
H145   -6.3210000000000  -2.8463000000000  -5.4962000000000
H146   -7.3736000000000  -2.8921000000000  -3.2318000000000
H147   -2.5649000000000  -3.8492000000000  -3.6005000000000
H148   -3.8661000000000  -3.3214000000000  -5.7020000000000
&
