MAEFILE: Toru-SiPh3-NTf-Type-I-E-3-chkp-unrestrained-IRC-min-disp-SPE.mae
&gen
epsout=2.38
radprb=2.76
solvent=other
isolv=2
basis=6-31G**
gdftgrad=-13
gdftmed=-13
gdftfine=-13
dftname=M06-2X
iacc=1
&
entry_name: Molecule Name
&zmat
C1     -2.1240000000000   4.9986000000000   1.5711000000000
C2     -2.7045000000000   3.6626000000000   1.2662000000000
C3     -2.7805000000000   5.8557000000000   2.3615000000000
C4     -3.8832000000000   3.3143000000000   1.8277000000000
C5     -1.9873000000000   2.6816000000000   0.3997000000000
C6     -4.6050000000000   4.2733000000000   2.6958000000000
C7     -4.4698000000000   1.9886000000000   1.5506000000000
C8     -4.0821000000000   5.4787000000000   2.9454000000000
C9     -2.4396000000000   1.4158000000000   0.3125000000000
C10    -0.7929000000000   3.0826000000000  -0.3806000000000
C11    -3.8102000000000   1.0933000000000   0.7993000000000
O12    -1.7043000000000   0.4676000000000  -0.3548000000000
Si13   -4.6765000000000  -0.4671000000000   0.2482000000000
C14    -0.8564000000000   4.0450000000000  -1.3292000000000
C15     0.5191000000000   2.4599000000000  -0.0451000000000
C16     0.3970000000000   4.5755000000000  -1.9159000000000
C17    -2.1369000000000   4.6183000000000  -1.8175000000000
C18     1.5819000000000   4.1330000000000  -1.4810000000000
C19     0.3084000000000   5.6308000000000  -2.9448000000000
C20     1.6586000000000   3.0614000000000  -0.4602000000000
Si21    3.3548000000000   2.5800000000000   0.1650000000000
O22     0.5619000000000   1.3798000000000   0.8068000000000
C23    -2.1406000000000   5.5754000000000  -2.7529000000000
C24    -0.8838000000000   6.0969000000000  -3.3320000000000
P25    -0.2961000000000   0.0440000000000   0.3749000000000
O26    -0.5382000000000  -0.6768000000000   1.6823000000000
N27     0.4793000000000  -0.8775000000000  -0.6920000000000
C28    -6.4847000000000  -0.4045000000000   0.6885000000000
C29    -4.6968000000000  -0.6013000000000  -1.6058000000000
C30    -3.8582000000000  -1.9260000000000   1.0600000000000
C31     3.8580000000000   0.9864000000000  -0.6467000000000
C32     4.5815000000000   3.9109000000000  -0.2690000000000
C33     3.4552000000000   2.5174000000000   2.0220000000000
C34    -7.0721000000000  -1.3648000000000   1.4231000000000
C35    -7.3074000000000   0.7094000000000   0.1563000000000
C36    -4.3319000000000   0.4306000000000  -2.3859000000000
C37    -5.2550000000000  -1.8238000000000  -2.2326000000000
C38    -3.8826000000000  -2.0388000000000   2.3985000000000
C39    -3.2528000000000  -3.0107000000000   0.2501000000000
C40     4.1188000000000  -0.1134000000000   0.0747000000000
C41     4.0309000000000   0.9490000000000  -2.1187000000000
C42     4.3561000000000   5.1745000000000   0.1297000000000
C43     5.8347000000000   3.5907000000000  -0.9965000000000
C44     2.4354000000000   2.9177000000000   2.8008000000000
C45     4.7512000000000   2.1596000000000   2.6490000000000
C46    -8.5167000000000  -1.2894000000000   1.7265000000000
C47    -9.2498000000000  -0.2733000000000   1.2566000000000
C48    -8.6160000000000   0.7729000000000   0.4298000000000
C49    -4.4403000000000   0.3258000000000  -3.8563000000000
C50    -4.9133000000000  -0.7931000000000  -4.4168000000000
C51    -5.3465000000000  -1.9181000000000  -3.5646000000000
C52    -3.3971000000000  -3.2727000000000   3.0491000000000
C53    -2.9015000000000  -4.2709000000000   2.3086000000000
C54    -2.8031000000000  -4.1230000000000   0.8431000000000
C55     4.5810000000000  -1.3499000000000  -0.5896000000000
C56     4.7654000000000  -1.3687000000000  -1.9144000000000
C57     4.4787000000000  -0.1621000000000  -2.7166000000000
C58     5.3256000000000   6.2419000000000  -0.1917000000000
C59     6.4437000000000   5.9508000000000  -0.8662000000000
C60     6.7133000000000   4.5598000000000  -1.2821000000000
C61     2.5928000000000   2.9574000000000   4.2698000000000
C62     3.7641000000000   2.6317000000000   4.8291000000000
C63     4.8982000000000   2.2192000000000   3.9782000000000
C64     5.0795000000000  -2.8376000000000   3.4584000000000
C65     4.1751000000000  -3.5421000000000   2.6637000000000
C66     2.9242000000000  -2.9978000000000   2.3421000000000
C67     2.6044000000000  -1.7187000000000   2.8176000000000
C68     3.4948000000000  -1.0331000000000   3.6429000000000
C69     4.7337000000000  -1.5850000000000   3.9660000000000
C70     1.9444000000000  -3.8632000000000   1.5660000000000
N71     1.6365000000000  -3.4106000000000   0.2264000000000
S72     1.1702000000000  -4.5478000000000  -0.9137000000000
O73     0.9928000000000  -5.8141000000000  -0.1801000000000
O74     0.0812000000000  -4.0040000000000  -1.7229000000000
C75     2.6275000000000  -4.7133000000000  -1.9788000000000
C76     2.5533000000000  -4.3113000000000  -3.3084000000000
C77     3.7076000000000  -4.4740000000000  -4.0751000000000
C78     4.8453000000000  -5.0143000000000  -3.4795000000000
C79     4.7951000000000  -5.3657000000000  -2.1281000000000
N80     3.6989000000000  -5.2201000000000  -1.3769000000000
N81    -0.1115000000000  -2.9437000000000   2.7635000000000
C82    -0.2930000000000  -2.9029000000000   4.0528000000000
C83     0.2438000000000  -4.0770000000000   4.6916000000000
C84     0.7992000000000  -4.8278000000000   3.7087000000000
C85     0.6160000000000  -4.1491000000000   2.3998000000000
H86    -1.1623000000000   5.2883000000000   1.1687000000000
H87    -2.3547000000000   6.8262000000000   2.5813000000000
H88    -5.5587000000000   4.0018000000000   3.1313000000000
H89    -5.4559000000000   1.7699000000000   1.9370000000000
H90    -4.6094000000000   6.1787000000000   3.5806000000000
H91    -3.0863000000000   4.2570000000000  -1.4436000000000
H92     2.4907000000000   4.5386000000000  -1.9068000000000
H93     1.2087000000000   6.0378000000000  -3.3895000000000
H94    -3.0839000000000   5.9753000000000  -3.1020000000000
H95    -0.9344000000000   6.8717000000000  -4.0862000000000
H96    -6.5137000000000  -2.2130000000000   1.7911000000000
H97    -6.8510000000000   1.4784000000000  -0.4548000000000
H98    -3.9788000000000   1.3595000000000  -1.9609000000000
H99    -5.5949000000000  -2.6456000000000  -1.6147000000000
H100   -4.3180000000000  -1.2596000000000   3.0122000000000
H101   -3.1748000000000  -2.9190000000000  -0.8220000000000
H102    4.0209000000000  -0.1027000000000   1.1461000000000
H103    3.8128000000000   1.8271000000000  -2.7139000000000
H104    3.4601000000000   5.4295000000000   0.6826000000000
H105    6.0623000000000   2.5744000000000  -1.2848000000000
H106    1.5027000000000   3.2577000000000   2.3754000000000
H107    5.5891000000000   1.8590000000000   2.0323000000000
H108   -8.9807000000000  -2.0610000000000   2.3273000000000
H109  -10.3080000000000  -0.2185000000000   1.4769000000000
H110   -9.2130000000000   1.5887000000000   0.0431000000000
H111   -4.1324000000000   1.1564000000000  -4.4782000000000
H112   -4.9899000000000  -0.8718000000000  -5.4934000000000
H113   -5.7496000000000  -2.8136000000000  -4.0195000000000
H114   -3.4533000000000  -3.3712000000000   4.1254000000000
H115   -2.5465000000000  -5.1761000000000   2.7840000000000
H116   -2.3643000000000  -4.9155000000000   0.2506000000000
H117    4.7848000000000  -2.2347000000000  -0.0012000000000
H118    5.1164000000000  -2.2679000000000  -2.4015000000000
H119    4.6145000000000  -0.1849000000000  -3.7900000000000
H120    5.1284000000000   7.2594000000000   0.1200000000000
H121    7.1558000000000   6.7312000000000  -1.1016000000000
H122    7.6290000000000   4.3245000000000  -1.8090000000000
H123    1.7616000000000   3.2649000000000   4.8910000000000
H124    3.8824000000000   2.6676000000000   5.9043000000000
H125    5.8453000000000   1.9585000000000   4.4324000000000
H126    6.0483000000000  -3.2720000000000   3.6863000000000
H127    4.4448000000000  -4.5218000000000   2.2787000000000
H128    1.6762000000000  -1.2333000000000   2.5405000000000
H129    3.2109000000000  -0.0577000000000   4.0201000000000
H130    5.4268000000000  -1.0391000000000   4.5991000000000
H131    2.3847000000000  -4.8558000000000   1.4597000000000
H132    1.6498000000000  -3.8616000000000  -3.6973000000000
H133    3.7166000000000  -4.1710000000000  -5.1173000000000
H134    5.7627000000000  -5.1513000000000  -4.0425000000000
H135    5.6695000000000  -5.7768000000000  -1.6287000000000
H136   -0.3435000000000  -2.0939000000000   2.1324000000000
H137   -0.7853000000000  -2.0539000000000   4.5139000000000
H138    0.2027000000000  -4.2832000000000   5.7518000000000
H139    1.2963000000000  -5.7837000000000   3.8135000000000
H140    0.0134000000000  -4.7732000000000   1.7260000000000
S141    0.7614000000000  -0.5346000000000  -2.2385000000000
O142    1.7495000000000  -1.4911000000000  -2.7450000000000
C143   -0.8276000000000  -0.9769000000000  -3.1629000000000
O144    0.9322000000000   0.8998000000000  -2.5178000000000
F145   -1.6230000000000  -1.7689000000000  -2.4480000000000
F146   -1.4867000000000   0.1460000000000  -3.4647000000000
F147   -0.5048000000000  -1.6009000000000  -4.3041000000000
H148    1.3220000000000  -2.4488000000000   0.0033000000000
&
