MAEFILE: Toru-NTf-Sulfonyl-2-chkp-unrestrained-uff-acc-sol.mae
&gen
epsout=2.38
radprb=2.76
isolv=2
solvent=other
basis=6-31G**
gdftgrad=-13
gdftmed=-13
rsinglet=0
gdftfine=-13
dftname=M06-2X
iacc=1
&
entry_name: Toru-NTf-Sulfonyl-2-chkp-unrestrained.1
&zmat
C1      2.2668000000000   5.3212000000000  -1.3440000000000
C2      0.9485000000000   4.7224000000000  -0.9893000000000
C3      2.4219000000000   6.6497000000000  -1.3764000000000
C4     -0.0688000000000   5.5448000000000  -0.6495000000000
C5      0.7401000000000   3.2402000000000  -0.9602000000000
C6      0.1124000000000   7.0147000000000  -0.6940000000000
C7     -1.3515000000000   4.9853000000000  -0.1891000000000
C8      1.2917000000000   7.5366000000000  -1.0455000000000
C9     -0.4134000000000   2.7372000000000  -0.4538000000000
C10     1.8249000000000   2.3236000000000  -1.3976000000000
C11    -1.5194000000000   3.6604000000000  -0.0766000000000
O12    -0.6556000000000   1.3839000000000  -0.4555000000000
Si13   -3.1148000000000   2.9954000000000   0.6280000000000
C14     2.3511000000000   2.3433000000000  -2.6415000000000
C15     2.4015000000000   1.4149000000000  -0.3748000000000
C16     3.5904000000000   1.5743000000000  -2.9200000000000
C17     1.7546000000000   3.1154000000000  -3.7588000000000
C18     4.1942000000000   0.8864000000000  -1.9400000000000
C19     4.1603000000000   1.6231000000000  -4.2809000000000
C20     3.5914000000000   0.8140000000000  -0.5885000000000
Si21    4.4662000000000  -0.1854000000000   0.7373000000000
O22     1.6867000000000   1.1808000000000   0.7713000000000
C23     2.3272000000000   3.1104000000000  -4.9684000000000
C24     3.5644000000000   2.3450000000000  -5.2366000000000
P25     0.2650000000000   0.4275000000000   0.5103000000000
O26    -0.3553000000000   0.1759000000000   1.8478000000000
N27     0.6289000000000  -0.8772000000000  -0.3944000000000
C28    -4.4144000000000   4.3298000000000   0.5675000000000
C29    -3.6929000000000   1.5893000000000  -0.4496000000000
C30    -2.8376000000000   2.4841000000000   2.4009000000000
C31     4.3390000000000  -2.0006000000000   0.3588000000000
C32     6.2867000000000   0.2157000000000   0.7235000000000
C33     3.7265000000000   0.1891000000000   2.4122000000000
C34    -4.8893000000000   4.7567000000000  -0.6153000000000
C35    -4.9056000000000   4.9630000000000   1.8171000000000
C36    -4.2692000000000   0.4902000000000   0.0658000000000
C37    -3.5468000000000   1.7083000000000  -1.9217000000000
C38    -1.6301000000000   2.6194000000000   2.9774000000000
C39    -3.9765000000000   1.9921000000000   3.2152000000000
C40     3.5790000000000  -2.4518000000000  -0.6522000000000
C41     5.1270000000000  -2.9636000000000   1.1650000000000
C42     6.8564000000000   0.9492000000000   1.6958000000000
C43     7.1395000000000  -0.3370000000000  -0.3584000000000
C44     3.1812000000000  -0.7820000000000   3.1628000000000
C45     3.6457000000000   1.5966000000000   2.8792000000000
C46    -5.9112000000000   5.8226000000000  -0.6687000000000
C47    -6.3609000000000   6.3778000000000   0.4621000000000
C48    -5.8297000000000   5.9304000000000   1.7648000000000
C49    -4.8033000000000  -0.5591000000000  -0.8283000000000
C50    -4.6917000000000  -0.4311000000000  -2.1548000000000
C51    -4.0181000000000   0.7498000000000  -2.7277000000000
C52    -1.4294000000000   2.2345000000000   4.3896000000000
C53    -2.4579000000000   1.7784000000000   5.1128000000000
C54    -3.7953000000000   1.6584000000000   4.4987000000000
C55     3.5068000000000  -3.8991000000000  -0.9399000000000
C56     4.2162000000000  -4.7649000000000  -0.2065000000000
C57     5.0710000000000  -4.2735000000000   0.8936000000000
C58     8.3051000000000   1.2397000000000   1.6597000000000
C59     9.0623000000000   0.7574000000000   0.6681000000000
C60     8.4520000000000  -0.0758000000000  -0.3860000000000
C61     2.5062000000000  -0.4538000000000   4.4354000000000
C62     2.4297000000000   0.8173000000000   4.8455000000000
C63     3.0276000000000   1.8926000000000   4.0292000000000
C64     0.0477000000000  -4.4945000000000   4.4418000000000
C65    -1.0372000000000  -4.4819000000000   3.5681000000000
C66    -0.8440000000000  -4.2637000000000   2.1922000000000
C67     0.4559000000000  -4.0580000000000   1.7036000000000
C68     1.5345000000000  -4.0984000000000   2.5814000000000
C69     1.3388000000000  -4.3065000000000   3.9480000000000
C70    -2.0368000000000  -4.3172000000000   1.3172000000000
N71    -1.8949000000000  -4.5941000000000  -0.0253000000000
S72    -3.1466000000000  -5.4365000000000  -0.8350000000000
O73    -2.7980000000000  -6.8509000000000  -0.9242000000000
O74    -4.4027000000000  -5.0370000000000  -0.1810000000000
C75    -3.0739000000000  -4.6953000000000  -2.4816000000000
C76    -4.1812000000000  -4.0125000000000  -2.9724000000000
C77    -4.0737000000000  -3.5145000000000  -4.2722000000000
C78    -2.8865000000000  -3.7082000000000  -4.9741000000000
C79    -1.8420000000000  -4.4047000000000  -4.3596000000000
N80    -1.9366000000000  -4.9092000000000  -3.1269000000000
N81    -2.2415000000000  -1.6378000000000   2.3450000000000
C82    -2.8629000000000  -1.5789000000000   3.5169000000000
C83    -4.0601000000000  -2.3362000000000   3.4648000000000
C84    -4.1395000000000  -2.8518000000000   2.1865000000000
C85    -2.9352000000000  -2.4967000000000   1.4790000000000
H86     3.1211000000000   4.6957000000000  -1.5625000000000
H87     3.3821000000000   7.0779000000000  -1.6337000000000
H88    -0.7095000000000   7.6723000000000  -0.4395000000000
H89    -2.1371000000000   5.6696000000000   0.1036000000000
H90     1.4235000000000   8.6105000000000  -1.0763000000000
H91     0.8394000000000   3.6764000000000  -3.6182000000000
H92     5.1055000000000   0.3467000000000  -2.1510000000000
H93     5.0658000000000   1.0757000000000  -4.5140000000000
H94     1.8746000000000   3.6741000000000  -5.7740000000000
H95     3.9932000000000   2.3714000000000  -6.2301000000000
H96    -4.5323000000000   4.3349000000000  -1.5443000000000
H97    -4.5108000000000   4.6664000000000   2.7785000000000
H98    -4.3759000000000   0.3569000000000   1.1303000000000
H99    -3.0501000000000   2.5680000000000  -2.3533000000000
H100   -0.7833000000000   3.0036000000000   2.4257000000000
H101   -4.9666000000000   1.9235000000000   2.7828000000000
H102    3.0151000000000  -1.7715000000000  -1.2726000000000
H103    5.7521000000000  -2.6104000000000   1.9756000000000
H104    6.2792000000000   1.3396000000000   2.5191000000000
H105    6.7119000000000  -0.9765000000000  -1.1195000000000
H106    3.2045000000000  -1.8104000000000   2.8436000000000
H107    4.0616000000000   2.3940000000000   2.2761000000000
H108   -6.2942000000000   6.1530000000000  -1.6256000000000
H109   -7.1086000000000   7.1594000000000   0.4246000000000
H110   -6.1829000000000   6.3940000000000   2.6769000000000
H111   -5.2915000000000  -1.4284000000000  -0.4069000000000
H112   -5.0946000000000  -1.1905000000000  -2.8097000000000
H113   -3.9078000000000   0.8385000000000  -3.8007000000000
H114   -0.4479000000000   2.3248000000000   4.8369000000000
H115   -2.3127000000000   1.4969000000000   6.1476000000000
H116   -4.6289000000000   1.3032000000000   5.0906000000000
H117    2.8799000000000  -4.2561000000000  -1.7467000000000
H118    4.1647000000000  -5.8253000000000  -0.4163000000000
H119    5.6457000000000  -4.9756000000000   1.4834000000000
H120    8.7517000000000   1.8440000000000   2.4387000000000
H121   10.1235000000000   0.9687000000000   0.6415000000000
H122    9.0710000000000  -0.4855000000000  -1.1737000000000
H123    2.0641000000000  -1.2440000000000   5.0285000000000
H124    1.9277000000000   1.0604000000000   5.7730000000000
H125    2.9572000000000   2.9209000000000   4.3593000000000
H126   -0.1143000000000  -4.6674000000000   5.5014000000000
H127   -2.0395000000000  -4.6582000000000   3.9467000000000
H128    0.6352000000000  -3.8739000000000   0.6500000000000
H129    2.5362000000000  -3.9726000000000   2.1901000000000
H130    2.1900000000000  -4.3279000000000   4.6217000000000
H131   -2.8512000000000  -4.8844000000000   1.7497000000000
H132   -5.0682000000000  -3.8822000000000  -2.3649000000000
H133   -4.9019000000000  -2.9765000000000  -4.7224000000000
H134   -2.7631000000000  -3.3240000000000  -5.9810000000000
H135   -0.8969000000000  -4.5625000000000  -4.8714000000000
H136   -1.4152000000000  -1.0395000000000   2.0975000000000
H137   -2.4467000000000  -1.0107000000000   4.3374000000000
H138   -4.7582000000000  -2.4675000000000   4.2790000000000
H139   -4.9083000000000  -3.4881000000000   1.7705000000000
H140   -2.8645000000000  -2.2653000000000   0.4228000000000
S141   -0.2899000000000  -1.6545000000000  -1.3932000000000
O142   -1.7465000000000  -1.4299000000000  -1.2709000000000
C143    0.1438000000000  -0.9748000000000  -3.0821000000000
O144    0.1292000000000  -3.0774000000000  -1.4814000000000
F145   -0.1739000000000   0.3227000000000  -3.1580000000000
F146    1.4517000000000  -1.1099000000000  -3.3246000000000
F147   -0.5377000000000  -1.6352000000000  -4.0313000000000
H148   -1.1403000000000  -4.1953000000000  -0.6052000000000
&
