MAEFILE: MO6-2X-SPE-Toru-SiPh3-Type-I-Z-1-chkp-unrestrained.mol.mae
&gen
epsout=2.38
radprb=2.76
isolv=2
solvent=other
basis=6-31G**
gdftgrad=-13
gdftmed=-13
rsinglet=0
gdftfine=-13
dftname=M06-2X
iacc=1
&
entry_name: Toru-SiPh3-Type-I-Z-1-chkp-unrestrained.1
&zmat
C1     -0.9178000000000   5.4538000000000  -0.0198000000000
C2      0.2403000000000   4.5181000000000  -0.0636000000000
C3     -0.7397000000000   6.7620000000000  -0.2371000000000
C4      1.4636000000000   5.0053000000000  -0.3672000000000
C5      0.0713000000000   3.0543000000000   0.1868000000000
C6      1.6507000000000   6.4565000000000  -0.6000000000000
C7      2.6187000000000   4.0944000000000  -0.4686000000000
C8      0.6058000000000   7.2882000000000  -0.5338000000000
C9      1.1023000000000   2.2106000000000  -0.0705000000000
C10    -1.2241000000000   2.5267000000000   0.6923000000000
C11     2.4565000000000   2.7694000000000  -0.3448000000000
O12     0.9897000000000   0.8596000000000   0.1545000000000
Si13    3.9395000000000   1.6324000000000  -0.3751000000000
C14    -1.7591000000000   2.9020000000000   1.8759000000000
C15    -1.9609000000000   1.5723000000000  -0.1733000000000
C16    -3.1366000000000   2.4693000000000   2.2244000000000
C17    -1.0316000000000   3.7356000000000   2.8648000000000
C18    -3.8445000000000   1.7167000000000   1.3714000000000
C19    -3.7118000000000   2.9077000000000   3.5110000000000
C20    -3.2386000000000   1.2397000000000   0.1073000000000
Si21   -4.2992000000000   0.1505000000000  -0.9836000000000
O22    -1.2932000000000   1.0134000000000  -1.2270000000000
C23    -1.6152000000000   4.0868000000000   4.0170000000000
C24    -2.9940000000000   3.6654000000000   4.3474000000000
P25    -0.1171000000000  -0.0133000000000  -0.7172000000000
O26     0.5061000000000  -0.6016000000000  -1.9584000000000
O27    -0.6916000000000  -0.9594000000000   0.3242000000000
C28     5.5396000000000   2.5788000000000  -0.4397000000000
C29     3.8420000000000   0.6298000000000   1.1909000000000
C30     3.9203000000000   0.5680000000000  -1.8970000000000
C31    -5.6999000000000   1.1572000000000  -1.6782000000000
C32    -3.4131000000000  -0.5493000000000  -2.4662000000000
C33    -4.9551000000000  -1.2072000000000   0.1099000000000
C34     5.8470000000000   3.2976000000000  -1.5329000000000
C35     6.5084000000000   2.5095000000000   0.6818000000000
C36     3.7123000000000   1.2580000000000   2.3721000000000
C37     3.8593000000000  -0.8527000000000   1.1556000000000
C38     4.8810000000000  -0.3510000000000  -2.0910000000000
C39     2.8958000000000   0.7821000000000  -2.9464000000000
C40    -6.6005000000000   0.5771000000000  -2.4892000000000
C41    -5.8114000000000   2.6073000000000  -1.3839000000000
C42    -2.9667000000000   0.2764000000000  -3.4286000000000
C43    -3.2489000000000  -2.0145000000000  -2.6351000000000
C44    -6.2639000000000  -1.2985000000000   0.4033000000000
C45    -4.0088000000000  -2.1746000000000   0.7133000000000
C46     7.1239000000000   4.0374000000000  -1.6036000000000
C47     7.9877000000000   3.9824000000000  -0.5833000000000
C48     7.6665000000000   3.1781000000000   0.6128000000000
C49     3.6142000000000   0.4798000000000   3.6242000000000
C50     3.6531000000000  -0.8567000000000   3.5869000000000
C51     3.7789000000000  -1.5548000000000   2.2928000000000
C52     4.8756000000000  -1.1875000000000  -3.3090000000000
C53     3.9254000000000  -1.0163000000000  -4.2354000000000
C54     2.8929000000000   0.0230000000000  -4.0494000000000
C55    -7.7083000000000   1.3707000000000  -3.0603000000000
C56    -7.8115000000000   2.6753000000000  -2.7814000000000
C57    -6.8148000000000   3.3239000000000  -1.9057000000000
C58    -2.2592000000000  -0.2648000000000  -4.6073000000000
C59    -2.0922000000000  -1.5853000000000  -4.7405000000000
C60    -2.6256000000000  -2.5025000000000  -3.7143000000000
C61    -6.7534000000000  -2.3682000000000   1.2983000000000
C62    -5.8938000000000  -3.2454000000000   1.8292000000000
C63    -4.4539000000000  -3.1438000000000   1.5217000000000
C64     3.9440000000000  -5.9611000000000   0.4047000000000
C65     2.8502000000000  -5.1598000000000   0.7171000000000
C66     2.5042000000000  -4.0864000000000  -0.1216000000000
C67     3.2776000000000  -3.8471000000000  -1.2735000000000
C68     4.3705000000000  -4.6547000000000  -1.5815000000000
C69     4.7050000000000  -5.7163000000000  -0.7427000000000
C70     1.3939000000000  -3.1436000000000   0.1077000000000
N71     0.8738000000000  -2.7498000000000   1.3220000000000
S72     0.2985000000000  -3.7178000000000   2.6001000000000
O73    -0.6874000000000  -4.6806000000000   2.0968000000000
O74     1.4235000000000  -4.1999000000000   3.4118000000000
C75    -0.5000000000000  -2.3596000000000   3.5161000000000
C76     0.2055000000000  -1.7385000000000   4.5439000000000
C77    -0.3993000000000  -0.6281000000000   5.1333000000000
C78    -1.6502000000000  -0.2168000000000   4.6741000000000
C79    -2.2649000000000  -0.9431000000000   3.6521000000000
N80    -1.6960000000000  -2.0062000000000   3.0756000000000
N81     0.1563000000000  -3.2202000000000  -2.3037000000000
C82     0.4779000000000  -4.2249000000000  -3.1165000000000
C83     0.2433000000000  -5.4568000000000  -2.4577000000000
C84    -0.2230000000000  -5.1508000000000  -1.1910000000000
C85    -0.2091000000000  -3.7303000000000  -1.0484000000000
H86    -1.9175000000000   5.0892000000000   0.1749000000000
H87    -1.5849000000000   7.4374000000000  -0.2045000000000
H88     2.6343000000000   6.8490000000000  -0.8263000000000
H89     3.5971000000000   4.5211000000000  -0.6348000000000
H90     0.7430000000000   8.3480000000000  -0.7055000000000
H91    -0.0138000000000   4.0545000000000   2.6804000000000
H92    -4.8577000000000   1.4229000000000   1.6206000000000
H93    -4.7173000000000   2.6145000000000   3.7883000000000
H94    -1.0668000000000   4.6895000000000   4.7295000000000
H95    -3.4266000000000   3.9759000000000   5.2898000000000
H96     0.2186000000000  -1.9202000000000   1.1272000000000
H97     5.1652000000000   3.3470000000000  -2.3733000000000
H98     6.2952000000000   1.9159000000000   1.5597000000000
H99     3.6791000000000   2.3395000000000   2.4236000000000
H100    3.9316000000000  -1.3806000000000   0.2175000000000
H101    5.6646000000000  -0.4971000000000  -1.3578000000000
H102    2.1405000000000   1.5478000000000  -2.8279000000000
H103   -6.5300000000000  -0.4764000000000  -2.7315000000000
H104   -5.0828000000000   3.1010000000000  -0.7559000000000
H105   -3.1003000000000   1.3481000000000  -3.3443000000000
H106   -3.6423000000000  -2.7040000000000  -1.9032000000000
H107   -6.9788000000000  -0.5907000000000   0.0085000000000
H108   -2.9541000000000  -2.1085000000000   0.4942000000000
H109    7.3586000000000   4.6226000000000  -2.4833000000000
H110    8.9242000000000   4.5227000000000  -0.6338000000000
H111    8.3729000000000   3.1266000000000   1.4312000000000
H112    3.5152000000000   0.9941000000000   4.5712000000000
H113    3.5892000000000  -1.4286000000000   4.5033000000000
H114    3.7963000000000  -2.6364000000000   2.2664000000000
H115    5.6379000000000  -1.9434000000000  -3.4457000000000
H116    3.9160000000000  -1.6321000000000  -5.1253000000000
H117    2.1366000000000   0.1722000000000  -4.8092000000000
H118   -8.4351000000000   0.8936000000000  -3.7049000000000
H119   -8.6218000000000   3.2584000000000  -3.1996000000000
H120   -6.8950000000000   4.3819000000000  -1.6917000000000
H121   -1.8748000000000   0.4102000000000  -5.3609000000000
H122   -1.5725000000000  -1.9843000000000  -5.6018000000000
H123   -2.5090000000000  -3.5717000000000  -3.8366000000000
H124   -7.8094000000000  -2.4377000000000   1.5254000000000
H125   -6.2508000000000  -4.0282000000000   2.4858000000000
H126   -3.7593000000000  -3.8525000000000   1.9540000000000
H127    4.2106000000000  -6.7785000000000   1.0678000000000
H128    2.2953000000000  -5.3518000000000   1.6265000000000
H129    3.0313000000000  -3.0028000000000  -1.9088000000000
H130    4.9627000000000  -4.4463000000000  -2.4673000000000
H131    5.5593000000000  -6.3460000000000  -0.9730000000000
H132    1.4856000000000  -2.2523000000000  -0.5064000000000
H133    1.1748000000000  -2.1103000000000   4.8505000000000
H134    0.1027000000000  -0.0908000000000   5.9318000000000
H135   -2.1458000000000   0.6496000000000   5.0995000000000
H136   -3.2451000000000  -0.6606000000000   3.2765000000000
H137    0.2594000000000  -2.1833000000000  -2.4278000000000
H138    0.8639000000000  -4.0442000000000  -4.1111000000000
H139    0.4164000000000  -6.4356000000000  -2.8817000000000
H140   -0.5077000000000  -5.8317000000000  -0.4016000000000
H141   -0.8998000000000  -3.1363000000000  -0.4635000000000
&
