MAEFILE: B3LYP-SPE-Toru-SiPh3-Type-I-Z-1-chkp-unrestrained.mae
&gen
epsout=2.38
radprb=2.76
isolv=2
solvent=other
basis=6-31G**
gdftgrad=-13
gdftmed=-13
rsinglet=0
gdftfine=-13
dftname=B3LYP
iacc=1
&
entry_name: Toru-SiPh3-NTf-Type-I-E-2-chkp-unrestrained.1
&zmat
C1     -2.1549000000000   5.2712000000000   0.6259000000000
C2     -2.7178000000000   3.9131000000000   0.3807000000000
C3     -2.8918000000000   6.2119000000000   1.2276000000000
C4     -3.9631000000000   3.6349000000000   0.8246000000000
C5     -1.9205000000000   2.8405000000000  -0.2915000000000
C6     -4.7730000000000   4.6857000000000   1.4839000000000
C7     -4.5084000000000   2.2728000000000   0.6910000000000
C8     -4.2659000000000   5.9088000000000   1.6682000000000
C9     -2.3967000000000   1.5789000000000  -0.3331000000000
C10    -0.5710000000000   3.1291000000000  -0.8346000000000
C11    -3.7766000000000   1.2881000000000   0.1481000000000
O12    -1.6399000000000   0.5876000000000  -0.9023000000000
Si13   -4.5172000000000  -0.4238000000000   0.1097000000000
C14    -0.3677000000000   4.0653000000000  -1.7881000000000
C15     0.6001000000000   2.4856000000000  -0.1742000000000
C16     1.0041000000000   4.5768000000000  -2.0262000000000
C17    -1.4700000000000   4.6582000000000  -2.5852000000000
C18     2.0219000000000   4.1473000000000  -1.2691000000000
C19     1.2025000000000   5.6183000000000  -3.0532000000000
C20     1.8097000000000   3.0829000000000  -0.2599000000000
Si21    3.2603000000000   2.5571000000000   0.7911000000000
O22     0.4233000000000   1.3799000000000   0.6279000000000
C23    -1.2155000000000   5.6048000000000  -3.4964000000000
C24     0.1584000000000   6.0966000000000  -3.7392000000000
P25    -0.3697000000000   0.0851000000000  -0.0043000000000
O26    -0.8058000000000  -0.7099000000000   1.1949000000000
N27     0.5340000000000  -0.8139000000000  -1.0138000000000
C28    -4.3842000000000  -1.1582000000000   1.8226000000000
C29    -6.3084000000000  -0.2066000000000  -0.3763000000000
C30    -3.7126000000000  -1.5218000000000  -1.1657000000000
C31     3.9180000000000   0.9647000000000   0.0949000000000
C32     4.5769000000000   3.8691000000000   0.7546000000000
C33     2.8071000000000   2.4190000000000   2.5925000000000
C34    -4.8610000000000  -2.3890000000000   2.0800000000000
C35    -3.7759000000000  -0.3726000000000   2.9258000000000
C36    -7.3098000000000  -0.7360000000000   0.3492000000000
C37    -6.6387000000000   0.6219000000000  -1.5630000000000
C38    -3.1407000000000  -2.6889000000000  -0.8215000000000
C39    -3.7654000000000  -1.1398000000000  -2.5979000000000
C40     3.8741000000000  -0.1748000000000   0.8005000000000
C41     4.5184000000000   0.9584000000000  -1.2606000000000
C42     4.2635000000000   5.1316000000000   1.0917000000000
C43     5.9798000000000   3.5352000000000   0.4061000000000
C44     3.7197000000000   1.9733000000000   3.4729000000000
C45     1.4861000000000   2.8803000000000   3.0885000000000
C46    -4.7993000000000  -2.9438000000000   3.4476000000000
C47    -4.2759000000000  -2.2184000000000   4.4420000000000
C48    -3.7374000000000  -0.8713000000000   4.1674000000000
C49    -8.7157000000000  -0.5381000000000  -0.0615000000000
C50    -9.0023000000000   0.1876000000000  -1.1477000000000
C51    -7.9131000000000   0.8035000000000  -1.9296000000000
C52    -2.6311000000000  -3.6062000000000  -1.8602000000000
C53    -2.7279000000000  -3.2764000000000  -3.1520000000000
C54    -3.3117000000000  -1.9772000000000  -3.5381000000000
C55     4.4308000000000  -1.4230000000000   0.2395000000000
C56     4.9991000000000  -1.4161000000000  -0.9713000000000
C57     5.0436000000000  -0.1676000000000  -1.7594000000000
C58     5.2985000000000   6.1858000000000   1.0750000000000
C59     6.5581000000000   5.8830000000000   0.7404000000000
C60     6.9161000000000   4.4922000000000   0.3960000000000
C61     3.3894000000000   1.8848000000000   4.9103000000000
C62     2.1834000000000   2.2669000000000   5.3454000000000
C63     1.1890000000000   2.7968000000000   4.3912000000000
C64     3.2580000000000  -3.7464000000000   4.3446000000000
C65     2.6525000000000  -4.2770000000000   3.2097000000000
C66     1.8854000000000  -3.4626000000000   2.3573000000000
C67     1.7051000000000  -2.1112000000000   2.6883000000000
C68     2.2926000000000  -1.5918000000000   3.8419000000000
C69     3.0762000000000  -2.3988000000000   4.6654000000000
C70     1.2944000000000  -4.1149000000000   1.1686000000000
N71     1.2988000000000  -3.5405000000000  -0.0784000000000
S72     1.2394000000000  -4.5841000000000  -1.4463000000000
O73     0.8667000000000  -5.9003000000000  -0.9169000000000
O74     0.4493000000000  -3.9284000000000  -2.4774000000000
C75     2.9667000000000  -4.6469000000000  -1.9870000000000
C76     3.3120000000000  -4.1122000000000  -3.2232000000000
C77     4.6476000000000  -4.2496000000000  -3.6049000000000
C78     5.5353000000000  -4.8916000000000  -2.7441000000000
C79     5.0635000000000  -5.3655000000000  -1.5166000000000
N80     3.7876000000000  -5.2495000000000  -1.1352000000000
N81    -1.0892000000000  -3.1706000000000   2.1460000000000
C82    -1.1676000000000  -3.2412000000000   3.4733000000000
C83    -0.9567000000000  -4.5747000000000   3.8962000000000
C84    -0.7025000000000  -5.3113000000000   2.7559000000000
C85    -0.6780000000000  -4.4125000000000   1.6417000000000
H86    -1.1402000000000   5.5127000000000   0.3415000000000
H87    -2.4767000000000   7.1958000000000   1.4046000000000
H88    -5.7783000000000   4.4664000000000   1.8218000000000
H89    -5.5031000000000   2.0729000000000   1.0719000000000
H90    -4.8574000000000   6.6754000000000   2.1517000000000
H91    -2.4904000000000   4.3198000000000  -2.4563000000000
H92     3.0147000000000   4.5490000000000  -1.4276000000000
H93     2.1940000000000   6.0070000000000  -3.2530000000000
H94    -2.0308000000000   6.0198000000000  -4.0750000000000
H95     0.3176000000000   6.8623000000000  -4.4876000000000
H96    -5.3105000000000  -2.9843000000000   1.2949000000000
H97    -3.3607000000000   0.6086000000000   2.7419000000000
H98    -7.1190000000000  -1.3098000000000   1.2418000000000
H99    -5.8558000000000   1.1156000000000  -2.1213000000000
H100   -3.0688000000000  -2.9981000000000   0.2084000000000
H101   -4.1593000000000  -0.1800000000000  -2.8957000000000
H102    3.4453000000000  -0.1934000000000   1.7875000000000
H103    4.5441000000000   1.8679000000000  -1.8479000000000
H104    3.2502000000000   5.3958000000000   1.3692000000000
H105    6.2644000000000   2.5181000000000   0.1764000000000
H106    4.7046000000000   1.6665000000000   3.1427000000000
H107    0.7611000000000   3.3116000000000   2.4131000000000
H108   -5.1859000000000  -3.9355000000000   3.6437000000000
H109   -4.2321000000000  -2.6222000000000   5.4451000000000
H110   -3.2963000000000  -0.2953000000000   4.9705000000000
H111   -9.5132000000000  -0.9825000000000   0.5199000000000
H112  -10.0317000000000   0.3342000000000  -1.4484000000000
H113   -8.1489000000000   1.4158000000000  -2.7904000000000
H114   -2.1960000000000  -4.5547000000000  -1.5740000000000
H115   -2.3613000000000  -3.9511000000000  -3.9147000000000
H116   -3.3531000000000  -1.6957000000000  -4.5823000000000
H117    4.3881000000000  -2.3388000000000   0.8149000000000
H118    5.4201000000000  -2.3243000000000  -1.3786000000000
H119    5.4881000000000  -0.1698000000000  -2.7460000000000
H120    5.0344000000000   7.2031000000000   1.3332000000000
H121    7.3178000000000   6.6538000000000   0.7280000000000
H122    7.9402000000000   4.2475000000000   0.1453000000000
H123    4.1230000000000   1.5028000000000   5.6083000000000
H124    1.9379000000000   2.1989000000000   6.3973000000000
H125    0.2259000000000   3.1351000000000   4.7511000000000
H126    3.8663000000000  -4.3836000000000   4.9792000000000
H127    2.7887000000000  -5.3270000000000   2.9660000000000
H128    1.0957000000000  -1.4649000000000   2.0665000000000
H129    2.1322000000000  -0.5480000000000   4.0876000000000
H130    3.5390000000000  -1.9829000000000   5.5554000000000
H131    1.5210000000000  -5.1731000000000   1.1003000000000
H132    2.5786000000000  -3.5935000000000  -3.8253000000000
H133    4.9857000000000  -3.8508000000000  -4.5558000000000
H134    6.5808000000000  -5.0145000000000  -3.0067000000000
H135    5.7332000000000  -5.8550000000000  -0.8138000000000
H136   -1.0846000000000  -2.2605000000000   1.6263000000000
H137   -1.3312000000000  -2.3536000000000   4.0672000000000
H138   -0.9794000000000  -4.9197000000000   4.9197000000000
H139   -0.4995000000000  -6.3716000000000   2.6889000000000
H140   -0.9565000000000  -4.6925000000000   0.6354000000000
S141    1.2958000000000  -0.3561000000000  -2.3552000000000
O142    2.3228000000000  -1.3624000000000  -2.6551000000000
C143    0.1019000000000  -0.5069000000000  -3.7912000000000
O144    1.6492000000000   1.0704000000000  -2.4106000000000
F145   -0.2694000000000  -1.7684000000000  -3.9990000000000
F146   -0.9840000000000   0.2497000000000  -3.6003000000000
F147    0.7379000000000  -0.0667000000000  -4.8879000000000
H148    1.1218000000000  -2.5358000000000  -0.2931000000000
&
