MAEFILE: Toru-NTf-Sulfonyl-4-chkp-unrestrained-uff-acc-fine-grid-sol_2_co.01.mae
&gen 
epsout=2.38 
radprb=2.76 
isolv=2 
solvent=other 
basis=6-31g** 
gdftgrad=-13 
gdftmed=-13 
rsinglet=0 
gdftfine=-13 
dftname=m06-2x 
iacc=1 
&
&zmat
 C1               0.7721000000            -5.8604000000            -1.0544000000
 C2              -0.3463000000            -4.8840000000            -0.9461000000
 C3               0.5815000000            -7.0430000000            -1.6507000000
 C4              -1.5433000000            -5.1943000000            -1.4898000000
 C5              -0.1615000000            -3.5567000000            -0.2884000000
 C6              -1.7454000000            -6.5083000000            -2.1434000000
 C7              -2.6584000000            -4.2314000000            -1.4174000000
 C8              -0.7379000000            -7.3848000000            -2.2157000000
 C9              -1.1296000000            -2.6212000000            -0.3881000000
 C10              1.0654000000            -3.2578000000             0.4882000000
 C11             -2.4809000000            -3.0186000000            -0.8705000000
 O12             -0.9439000000            -1.3733000000             0.1548000000
 Si13            -3.9409000000            -1.8724000000            -0.6628000000
 C14              1.4180000000            -3.9721000000             1.5809000000
 C15              1.9439000000            -2.1560000000             0.0125000000
 C16              2.7417000000            -3.7398000000             2.2073000000
 C17              0.5357000000            -4.9924000000             2.2023000000
 C18              3.5883000000            -2.8467000000             1.6807000000
 C19              3.1153000000            -4.5375000000             3.3923000000
 C20              3.1970000000            -2.0375000000             0.5033000000
 Si21             4.4696000000            -0.8559000000            -0.1966000000
 O22              1.4851000000            -1.3158000000            -0.9704000000
 C23              0.9407000000            -5.6763000000             3.2789000000
 C24              2.2680000000            -5.4454000000             3.8889000000
 P25              0.1777000000            -0.4155000000            -0.5723000000
 O26             -0.3169000000             0.2084000000            -1.8407000000
 N27              0.7024000000             0.5767000000             0.6101000000
 C28             -5.5136000000            -2.7129000000            -1.1924000000
 C29             -4.2139000000            -1.4185000000             1.1230000000
 C30             -3.6500000000            -0.3835000000            -1.7325000000
 C31              4.7121000000             0.5590000000             0.9834000000
 C32              6.1088000000            -1.7425000000            -0.2969000000
 C33              3.9798000000            -0.2210000000            -1.8815000000
 C34             -5.9569000000            -3.7853000000            -0.5145000000
 C35             -6.3085000000            -2.1913000000            -2.3315000000
 C36             -3.4133000000            -1.8803000000             2.0994000000
 C37             -5.4033000000            -0.6093000000             1.4839000000
 C38             -3.2623000000            -0.5509000000            -3.0084000000
 C39             -3.9292000000             0.9827000000            -1.2294000000
 C40              3.8431000000             0.7884000000             1.9808000000
 C41              5.9122000000             1.4192000000             0.8477000000
 C42              6.5891000000            -2.2101000000            -1.4624000000
 C43              6.9205000000            -1.9055000000             0.9358000000
 C44              3.9375000000             1.0966000000            -2.1356000000
 C45              3.6165000000            -1.1783000000            -2.9562000000
 C46             -7.2124000000            -4.4530000000            -0.9153000000
 C47             -7.9199000000            -3.9848000000            -1.9499000000
 C48             -7.4473000000            -2.7974000000            -2.6901000000
 C49             -3.6822000000            -1.5336000000             3.5101000000
 C50             -4.7479000000            -0.7902000000             3.8266000000
 C51             -5.6563000000            -0.3147000000             2.7647000000
 C52             -3.1329000000             0.6148000000            -3.9064000000
 C53             -3.4305000000             1.8396000000            -3.4594000000
 C54             -3.8513000000             2.0308000000            -2.0571000000
 C55              4.0742000000             1.9002000000             2.9263000000
 C56              5.1639000000             2.6677000000             2.8060000000
 C57              6.1315000000             2.4112000000             1.7196000000
 C58              7.8925000000            -2.9056000000            -1.5077000000
 C59              8.6092000000            -3.0629000000            -0.3894000000
 C60              8.1014000000            -2.5336000000             0.8911000000
 C61              3.5489000000             1.5881000000            -3.4730000000
 C62              3.2327000000             0.7193000000            -4.4402000000
 C63              3.2624000000            -0.7314000000            -4.1672000000
 C64              3.3239000000             5.7591000000            -2.4004000000
 C65              1.9500000000             5.7567000000            -2.1811000000
 C66              1.3930000000             5.0345000000            -1.1103000000
 C67              2.2405000000             4.2941000000            -0.2699000000
 C68              3.6155000000             4.3222000000            -0.4835000000
 C69              4.1628000000             5.0435000000            -1.5450000000
 C70             -0.0561000000             5.1831000000            -0.8647000000
 N71             -0.5920000000             4.8877000000             0.3609000000
 S72             -2.0117000000             5.7353000000             0.8465000000
 O73             -1.6259000000             6.8965000000             1.6399000000
 O74             -2.7934000000             5.9188000000            -0.3878000000
 C75             -2.8517000000             4.5244000000             1.8923000000
 C76             -4.0386000000             3.9564000000             1.4429000000
 C77             -4.6715000000             3.0742000000             2.3183000000
 C78             -4.0867000000             2.8176000000             3.5553000000
 C79             -2.8854000000             3.4517000000             3.8829000000
 N80             -2.2721000000             4.3091000000             3.0630000000
 N81             -0.4444000000             2.7968000000            -2.4658000000
 C82              0.1378000000             2.7573000000            -3.6620000000
 C83             -0.1090000000             3.9673000000            -4.3513000000
 C84             -0.8969000000             4.7376000000            -3.5171000000
 C85             -1.0565000000             4.0422000000            -2.2748000000
 H86              1.7527000000            -5.6232000000            -0.6633000000
 H87              1.3974000000            -7.7500000000            -1.7271000000
 H88             -2.7096000000            -6.7640000000            -2.5650000000
 H89             -3.6226000000            -4.5322000000            -1.8027000000
 H90             -0.8859000000            -8.3445000000            -2.6939000000
 H91             -0.4546000000            -5.1847000000             1.8101000000
 H92              4.5552000000            -2.6966000000             2.1386000000
 H93              4.0791000000            -4.3942000000             3.8661000000
 H94              0.2813000000            -6.4117000000             3.7218000000
 H95              2.5546000000            -6.0233000000             4.7581000000
 H96             -5.4008000000            -4.1760000000             0.3290000000
 H97             -5.9823000000            -1.3176000000            -2.8784000000
 H98             -2.5755000000            -2.5258000000             1.8838000000
 H99             -6.0799000000            -0.2622000000             0.7129000000
 H100            -3.0687000000            -1.5403000000            -3.4043000000
 H101            -4.2164000000             1.1461000000            -0.2014000000
 H102             2.9701000000             0.1652000000             2.1127000000
 H103             6.6201000000             1.2432000000             0.0474000000
 H104             6.0423000000            -2.0938000000            -2.3844000000
 H105             6.5714000000            -1.5031000000             1.8780000000
 H106             4.1947000000             1.8160000000            -1.3760000000
 H107             3.6226000000            -2.2435000000            -2.7605000000
 H108            -7.5580000000            -5.3212000000            -0.3692000000
 H109            -8.8403000000            -4.4722000000            -2.2445000000
 H110            -8.0270000000            -2.4163000000            -3.5209000000
 H111            -3.0175000000            -1.8886000000             4.2870000000
 H112            -4.9481000000            -0.5385000000             4.8599000000
 H113            -6.5261000000             0.2743000000             3.0253000000
 H114            -2.8147000000             0.4728000000            -4.9310000000
 H115            -3.3478000000             2.6942000000            -4.1183000000
 H116            -4.0881000000             3.0231000000            -1.6987000000
 H117             3.3630000000             2.0885000000             3.7198000000
 H118             5.3360000000             3.4802000000             3.4999000000
 H119             7.0094000000             3.0363000000             1.6219000000
 H120             8.2651000000            -3.2881000000            -2.4492000000
 H121             9.5638000000            -3.5720000000            -0.4218000000
 H122             8.6909000000            -2.6473000000             1.7917000000
 H123             3.5176000000             2.6527000000            -3.6665000000
 H124             2.9444000000             1.0778000000            -5.4198000000
 H125             2.9923000000            -1.4314000000            -4.9472000000
 H126             3.7376000000             6.3282000000            -3.2271000000
 H127             1.3015000000             6.3322000000            -2.8339000000
 H128             1.8446000000             3.7152000000             0.5576000000
 H129             4.2621000000             3.7727000000             0.1883000000
 H130             5.2372000000             5.0499000000            -1.7020000000
 H131            -0.4850000000             6.0855000000            -1.2859000000
 H132            -4.4419000000             4.2029000000             0.4694000000
 H133            -5.6037000000             2.5985000000             2.0322000000
 H134            -4.5482000000             2.1391000000             4.2640000000
 H135            -2.3973000000             3.2652000000             4.8349000000
 H136            -0.4940000000             1.9281000000            -1.8967000000
 H137             0.6684000000             1.8698000000            -3.9730000000
 H138             0.2536000000             4.2137000000            -5.3388000000
 H139            -1.2950000000             5.7237000000            -3.7175000000
 H140            -1.9503000000             4.0998000000            -1.6721000000
 S141            -0.2388000000             1.4087000000             1.5537000000
 O142            -1.6617000000             1.4831000000             1.1718000000
 C143            -0.2074000000             0.4727000000             3.1790000000
 O144             0.4005000000             2.7056000000             1.9147000000
 F145            -1.1755000000             0.9324000000             3.9886000000
 F146            -0.4132000000            -0.8320000000             2.9709000000
 F147             0.9682000000             0.6280000000             3.7929000000
 H148            -0.2274000000             4.1482000000             0.9897000000
&
&path pre onee &
