MAEFILE: Toru-SiPh3-Type-I-E-9-chkp-2-scan-TS.mol-SPE.mae
&gen
epsout=2.38
radprb=2.76
isolv=2
solvent=other
basis=6-31G**
gdftgrad=-13
gdftmed=-13
rsinglet=0
gdftfine=-13
dftname=M06-2X
iacc=1
&
entry_name: Toru-SiPh3-Type-I-E-9-chkp-2-scan-TS.1
&zmat
C1     -1.0100000000000  -5.0912000000000  -1.9104000000000
C2     -1.7748000000000  -3.8658000000000  -1.5544000000000
C3     -1.5873000000000  -6.0626000000000  -2.6272000000000
C4     -3.0458000000000  -3.7328000000000  -1.9909000000000
C5     -1.1530000000000  -2.7653000000000  -0.7627000000000
C6     -3.6785000000000  -4.8171000000000  -2.7772000000000
C7     -3.8208000000000  -2.5269000000000  -1.6423000000000
C8     -2.9858000000000  -5.9216000000000  -3.0767000000000
C9     -1.7822000000000  -1.5739000000000  -0.6698000000000
C10     0.1211000000000  -2.9799000000000  -0.0339000000000
C11    -3.2390000000000  -1.5047000000000  -0.9952000000000
O12    -1.1645000000000  -0.5106000000000  -0.0520000000000
Si13   -4.3024000000000  -0.1496000000000  -0.2662000000000
C14     0.2472000000000  -3.9112000000000   0.9394000000000
C15     1.2854000000000  -2.1335000000000  -0.3956000000000
C16     1.5822000000000  -4.1725000000000   1.5323000000000
C17    -0.8994000000000  -4.6960000000000   1.4648000000000
C18     2.6529000000000  -3.4858000000000   1.1142000000000
C19     1.7059000000000  -5.2179000000000   2.5677000000000
C20     2.5115000000000  -2.4169000000000   0.0997000000000
Si21    4.0257000000000  -1.4428000000000  -0.4100000000000
O22     1.1089000000000  -1.1394000000000  -1.3228000000000
C23    -0.7131000000000  -5.6199000000000   2.4148000000000
C24     0.6270000000000  -5.8942000000000   2.9761000000000
P25     0.1763000000000   0.1211000000000  -0.8260000000000
O26    -0.1846000000000   0.8592000000000  -2.0886000000000
O27     0.8835000000000   0.8888000000000   0.2716000000000
C28    -3.9839000000000   1.4561000000000  -1.1534000000000
C29    -6.1092000000000  -0.5110000000000  -0.5163000000000
C30    -3.9507000000000  -0.1391000000000   1.5704000000000
C31     4.2009000000000   0.0654000000000   0.6625000000000
C32     5.5967000000000  -2.4135000000000  -0.1590000000000
C33     3.8125000000000  -0.9980000000000  -2.2062000000000
C34    -4.6468000000000   2.5754000000000  -0.8143000000000
C35    -3.1310000000000   1.4642000000000  -2.3656000000000
C36    -6.6477000000000  -0.4267000000000  -1.7447000000000
C37    -6.9719000000000  -0.8738000000000   0.6348000000000
C38    -4.1888000000000   0.9411000000000   2.3332000000000
C39    -3.4939000000000  -1.3940000000000   2.2230000000000
C40     3.3687000000000   0.2878000000000   1.6940000000000
C41     5.3331000000000   0.9925000000000   0.4282000000000
C42     6.0486000000000  -2.6430000000000   1.0865000000000
C43     6.4027000000000  -2.8753000000000  -1.3171000000000
C44     3.6111000000000  -1.9641000000000  -3.1187000000000
C45     3.7436000000000   0.4206000000000  -2.6259000000000
C46    -4.4469000000000   3.8232000000000  -1.5806000000000
C47    -3.6515000000000   3.8293000000000  -2.6557000000000
C48    -2.9762000000000   2.5870000000000  -3.0776000000000
C49    -8.0850000000000  -0.7019000000000  -1.9478000000000
C50    -8.8581000000000  -1.0315000000000  -0.9066000000000
C51    -8.2743000000000  -1.1211000000000   0.4472000000000
C52    -3.9402000000000   0.8989000000000   3.7895000000000
C53    -3.5108000000000  -0.2292000000000   4.3651000000000
C54    -3.2855000000000  -1.4343000000000   3.5442000000000
C55     3.5406000000000   1.4847000000000   2.5429000000000
C56     4.5504000000000   2.3312000000000   2.3122000000000
C57     5.4986000000000   2.0654000000000   1.2117000000000
C58     7.3068000000000  -3.3871000000000   1.3003000000000
C59     8.0164000000000  -3.8190000000000   0.2520000000000
C60     7.5454000000000  -3.5448000000000  -1.1198000000000
C61     3.3628000000000  -1.6135000000000  -4.5327000000000
C62     3.3118000000000  -0.3293000000000  -4.9059000000000
C63     3.5049000000000   0.7377000000000  -3.9038000000000
C64     3.6352000000000   6.4200000000000  -0.7906000000000
C65     2.3972000000000   6.0807000000000  -0.2550000000000
C66     2.0117000000000   4.7354000000000  -0.1328000000000
C67     2.8812000000000   3.7285000000000  -0.5801000000000
C68     4.1171000000000   4.0759000000000  -1.1263000000000
C69     4.4983000000000   5.4141000000000  -1.2287000000000
C70     0.7082000000000   4.4492000000000   0.5001000000000
N71     0.5409000000000   3.2921000000000   1.2110000000000
S72    -0.8514000000000   3.1898000000000   2.2103000000000
O73    -0.9943000000000   4.4801000000000   2.8835000000000
O74    -1.9540000000000   2.6603000000000   1.3964000000000
C75    -0.3151000000000   1.8902000000000   3.3603000000000
C76    -0.4667000000000   0.5591000000000   2.9774000000000
C77    -0.0057000000000  -0.3991000000000   3.8803000000000
C78     0.5473000000000   0.0174000000000   5.0893000000000
C79     0.6293000000000   1.3864000000000   5.3564000000000
N80     0.2117000000000   2.3225000000000   4.4973000000000
N81    -0.0954000000000   3.4893000000000  -2.0026000000000
C82     0.3830000000000   4.1835000000000  -3.0321000000000
C83     0.0897000000000   5.5585000000000  -2.8620000000000
C84    -0.6040000000000   5.6665000000000  -1.6712000000000
C85    -0.6545000000000   4.3701000000000  -1.0675000000000
H86     0.0212000000000  -5.2064000000000  -1.6029000000000
H87    -1.0277000000000  -6.9525000000000  -2.8850000000000
H88    -4.7035000000000  -4.7192000000000  -3.1127000000000
H89    -4.8782000000000  -2.5163000000000  -1.8645000000000
H90    -3.4478000000000  -6.7130000000000  -3.6527000000000
H91    -1.9051000000000  -4.5214000000000   1.1061000000000
H92     3.6210000000000  -3.7038000000000   1.5392000000000
H93     2.6714000000000  -5.4428000000000   3.0051000000000
H94    -1.5620000000000  -6.1779000000000   2.7886000000000
H95     0.7318000000000  -6.6561000000000   3.7379000000000
H96     0.7676000000000   2.3362000000000   0.7801000000000
H97    -5.3683000000000   2.5764000000000  -0.0106000000000
H98    -2.6596000000000   0.5537000000000  -2.7082000000000
H99    -6.0389000000000  -0.1591000000000  -2.5997000000000
H100   -6.5587000000000  -0.9472000000000   1.6318000000000
H101   -4.5562000000000   1.8594000000000   1.9085000000000
H102   -3.3398000000000  -2.2924000000000   1.6407000000000
H103    2.5608000000000  -0.3953000000000   1.9199000000000
H104    6.0304000000000   0.8059000000000  -0.3790000000000
H105    5.5053000000000  -2.2804000000000   1.9503000000000
H106    6.0875000000000  -2.6694000000000  -2.3290000000000
H107    3.6122000000000  -3.0079000000000  -2.8293000000000
H108    3.8616000000000   1.2067000000000  -1.9008000000000
H109   -4.9553000000000   4.7288000000000  -1.2764000000000
H110   -3.5066000000000   4.7406000000000  -3.2213000000000
H111   -2.3585000000000   2.5860000000000  -3.9663000000000
H112   -8.5103000000000  -0.6352000000000  -2.9408000000000
H113   -9.9113000000000  -1.2331000000000  -1.0535000000000
H114   -8.9029000000000  -1.3881000000000   1.2869000000000
H115   -4.1061000000000   1.7847000000000   4.3888000000000
H116   -3.3259000000000  -0.2604000000000   5.4310000000000
H117   -2.9508000000000  -2.3504000000000   4.0136000000000
H118    2.8484000000000   1.6738000000000   3.3518000000000
H119    4.6766000000000   3.2091000000000   2.9323000000000
H120    6.3218000000000   2.7453000000000   1.0350000000000
H121    7.6536000000000  -3.5792000000000   2.3074000000000
H122    8.9395000000000  -4.3626000000000   0.4065000000000
H123    8.1316000000000  -3.8796000000000  -1.9659000000000
H124    3.2142000000000  -2.3979000000000  -5.2634000000000
H125    3.1237000000000  -0.0701000000000  -5.9397000000000
H126    3.4448000000000   1.7762000000000  -4.2034000000000
H127    3.9264000000000   7.4634000000000  -0.8631000000000
H128    1.7238000000000   6.8616000000000   0.0873000000000
H129    2.5949000000000   2.6855000000000  -0.4825000000000
H130    4.7976000000000   3.3033000000000  -1.4673000000000
H131    5.4666000000000   5.6714000000000  -1.6478000000000
H132    0.2484000000000   5.3061000000000   0.9868000000000
H133   -0.9038000000000   0.2895000000000   2.0248000000000
H134   -0.0837000000000  -1.4544000000000   3.6368000000000
H135    0.9117000000000  -0.7002000000000   5.8172000000000
H136    1.0519000000000   1.7481000000000   6.2906000000000
H137   -0.1110000000000   2.4219000000000  -1.9599000000000
H138    0.9039000000000   3.6875000000000  -3.8403000000000
H139    0.3711000000000   6.3508000000000  -3.5406000000000
H140   -0.9924000000000   6.5700000000000  -1.2204000000000
H141   -1.4604000000000   3.9948000000000  -0.4470000000000
&
