MAEFILE: Type-I-Z-sulfonyl-bind-5-unrestrained-SPE.mae
&gen
epsout=2.38
radprb=2.76
solvent=other
isolv=2
basis=6-31G**
gdftgrad=-13
gdftmed=-13
gdftfine=-13
dftname=M06-2X
iacc=1
&
entry_name: Type-I-Z-sulfonyl-bind-5-unrestrained.1
&zmat
C1     -3.0136000000000   1.9886000000000  -0.6056000000000
C2     -5.4133000000000   0.5843000000000  -0.0421000000000
C3     -4.1465000000000  -0.1640000000000  -0.1759000000000
C4     -2.9966000000000   0.4975000000000  -0.4271000000000
H5     -6.3328000000000   0.0532000000000   0.1690000000000
C6      0.5921000000000   4.3021000000000  -1.1196000000000
C7      0.4649000000000   3.4664000000000  -0.0793000000000
C8     -0.7166000000000   2.5682000000000  -0.0044000000000
C9     -1.7362000000000   2.7074000000000  -0.8747000000000
H10     1.4522000000000   4.9566000000000  -1.1947000000000
C11    -4.1748000000000   2.6650000000000  -0.4126000000000
C12    -5.4305000000000   1.9162000000000  -0.1520000000000
C13    -6.6918000000000   2.6693000000000  -0.0003000000000
C14    -6.6906000000000   4.0049000000000  -0.0487000000000
C15    -5.4388000000000   4.7660000000000  -0.2382000000000
C16    -4.2616000000000   4.1506000000000  -0.4004000000000
H17    -7.6270000000000   2.1445000000000   0.1553000000000
H18    -7.6219000000000   4.5443000000000   0.0675000000000
H19    -5.4780000000000   5.8478000000000  -0.2329000000000
H20    -3.3769000000000   4.7641000000000  -0.5007000000000
C21    -0.4420000000000   4.3470000000000  -2.1750000000000
C22    -1.5594000000000   3.5906000000000  -2.0659000000000
C23    -2.5557000000000   3.6079000000000  -3.1702000000000
C24    -2.3661000000000   4.3906000000000  -4.2387000000000
C25    -1.1613000000000   5.2372000000000  -4.3343000000000
C26    -0.2471000000000   5.2159000000000  -3.3583000000000
H27    -3.4360000000000   2.9802000000000  -3.1284000000000
H28    -3.0929000000000   4.3991000000000  -5.0407000000000
H29    -1.0165000000000   5.8700000000000  -5.2004000000000
H30     0.6385000000000   5.8338000000000  -3.4396000000000
Si31   -4.1697000000000  -2.0065000000000   0.1417000000000
Si32    1.7282000000000   3.4883000000000   1.2954000000000
C33    -2.5398000000000  -2.8614000000000   4.4604000000000
C34    -2.6116000000000  -1.6023000000000   4.0148000000000
C35    -3.1398000000000  -1.3240000000000   2.6633000000000
C36    -3.5220000000000  -2.3341000000000   1.8617000000000
C37    -3.4655000000000  -3.7251000000000   2.3750000000000
C38    -2.9979000000000  -3.9736000000000   3.6043000000000
H39    -2.1506000000000  -3.0671000000000   5.4490000000000
H40    -2.2793000000000  -0.7844000000000   4.6410000000000
H41    -3.1925000000000  -0.2950000000000   2.3359000000000
H42    -3.8111000000000  -4.5463000000000   1.7596000000000
H43    -2.9555000000000  -4.9898000000000   3.9741000000000
C44    -8.5946000000000  -3.5425000000000  -0.1681000000000
C45    -7.9724000000000  -3.0674000000000  -1.2525000000000
C46    -6.5795000000000  -2.5839000000000  -1.1553000000000
C47    -5.9236000000000  -2.6298000000000   0.0172000000000
C48    -6.6284000000000  -3.1413000000000   1.2201000000000
C49    -7.8914000000000  -3.5760000000000   1.1291000000000
H50    -9.6153000000000  -3.8959000000000  -0.2374000000000
H51    -8.4878000000000  -3.0347000000000  -2.2036000000000
H52    -6.1099000000000  -2.1868000000000  -2.0429000000000
H53    -6.1408000000000  -3.1508000000000   2.1844000000000
H54    -8.4040000000000  -3.9439000000000   2.0086000000000
C55    -1.6046000000000  -4.1671000000000  -3.1458000000000
C56    -2.4814000000000  -3.2176000000000  -3.4904000000000
C57    -3.2760000000000  -2.5305000000000  -2.4512000000000
C58    -3.1314000000000  -2.8585000000000  -1.1553000000000
C59    -2.1273000000000  -3.8855000000000  -0.7793000000000
C60    -1.4132000000000  -4.5109000000000  -1.7232000000000
H61    -1.0212000000000  -4.6710000000000  -3.9054000000000
H62    -2.6124000000000  -2.9513000000000  -4.5312000000000
H63    -3.9635000000000  -1.7529000000000  -2.7556000000000
H64    -1.9519000000000  -4.1367000000000   0.2539000000000
H65    -0.6807000000000  -5.2576000000000  -1.4443000000000
C66     3.1238000000000   7.9197000000000   1.9306000000000
C67     4.0259000000000   6.9319000000000   1.9500000000000
C68     3.5970000000000   5.5316000000000   1.7510000000000
C69     2.2986000000000   5.2417000000000   1.5583000000000
C70     1.3056000000000   6.3441000000000   1.5274000000000
C71     1.6977000000000   7.6115000000000   1.7051000000000
H72     3.4370000000000   8.9456000000000   2.0755000000000
H73     5.0724000000000   7.1557000000000   2.1116000000000
H74     4.3488000000000   4.7559000000000   1.7697000000000
H75     0.2601000000000   6.1333000000000   1.3426000000000
H76     0.9719000000000   8.4139000000000   1.6765000000000
C77     5.4165000000000   0.8582000000000   0.0892000000000
C78     5.2198000000000   1.1805000000000   1.3724000000000
C79     4.0628000000000   2.0156000000000   1.7563000000000
C80     3.1785000000000   2.4180000000000   0.8270000000000
C81     3.4049000000000   2.0592000000000  -0.5930000000000
C82     4.4728000000000   1.3325000000000  -0.9420000000000
H83     6.2655000000000   0.2509000000000  -0.1959000000000
H84     5.9101000000000   0.8353000000000   2.1312000000000
H85     3.9418000000000   2.2957000000000   2.7952000000000
H86     2.7224000000000   2.3963000000000  -1.3605000000000
H87     4.6441000000000   1.0893000000000  -1.9816000000000
C88    -0.4944000000000   1.9002000000000   5.1095000000000
C89    -0.7493000000000   3.1290000000000   4.6474000000000
C90    -0.0289000000000   3.6390000000000   3.4624000000000
C91     0.9034000000000   2.8841000000000   2.8559000000000
C92     1.1753000000000   1.5194000000000   3.3720000000000
C93     0.5094000000000   1.0542000000000   4.4363000000000
H94    -1.0279000000000   1.5211000000000   5.9715000000000
H95    -1.4912000000000   3.7489000000000   5.1337000000000
H96    -0.2846000000000   4.6189000000000   3.0869000000000
H97     1.8799000000000   0.8746000000000   2.8689000000000
H98     0.6925000000000   0.0520000000000   4.7986000000000
O99    -1.8432000000000  -0.2201000000000  -0.6351000000000
O100   -0.7652000000000   1.5844000000000   0.9492000000000
P101   -0.5588000000000   0.0917000000000   0.3256000000000
O102   -0.4474000000000  -0.8540000000000   1.4826000000000
N103    3.7856000000000  -2.0784000000000  -0.2702000000000
H104    3.3902000000000  -1.5002000000000  -1.0355000000000
C105    2.9697000000000  -2.1969000000000   0.8335000000000
C106    4.1433000000000  -2.7942000000000   4.9090000000000
C107    4.9884000000000  -3.2459000000000   3.8915000000000
C108    4.6362000000000  -3.0900000000000   2.5549000000000
C109    3.4249000000000  -2.4631000000000   2.2118000000000
C110    2.5781000000000  -2.0147000000000   3.2445000000000
C111    2.9375000000000  -2.1775000000000   4.5816000000000
H112    4.4295000000000  -2.9173000000000   5.9494000000000
H113    5.9350000000000  -3.7163000000000   4.1392000000000
H114    5.3269000000000  -3.4279000000000   1.7948000000000
H115    1.6469000000000  -1.5197000000000   2.9903000000000
H116    2.2782000000000  -1.8155000000000   5.3642000000000
H117    2.2205000000000  -1.4087000000000   0.7825000000000
N118    0.7351000000000   0.1767000000000  -0.6640000000000
S119    0.9866000000000  -0.6115000000000  -2.0031000000000
O120    0.2676000000000  -1.8891000000000  -2.1478000000000
O121    2.4452000000000  -0.6478000000000  -2.2819000000000
C122    0.3443000000000   0.4696000000000  -3.3869000000000
F123   -0.9787000000000   0.6391000000000  -3.2766000000000
F124    0.9330000000000   1.6700000000000  -3.3527000000000
F125    0.6075000000000  -0.1085000000000  -4.5634000000000
C126    1.4976000000000  -3.6264000000000   0.4311000000000
C127    2.0303000000000  -4.9109000000000   0.7737000000000
C128    1.4616000000000  -5.3066000000000   1.9704000000000
C129    0.5277000000000  -4.3080000000000   2.3270000000000
N130    0.5054000000000  -3.3633000000000   1.3868000000000
H131    1.3173000000000  -3.2684000000000  -0.5769000000000
H132    2.7919000000000  -5.4203000000000   0.2042000000000
H133    1.6805000000000  -6.1950000000000   2.5449000000000
H134   -0.0969000000000  -4.2391000000000   3.2067000000000
H135   -0.0220000000000  -2.4661000000000   1.4208000000000
S136    5.0651000000000  -3.0862000000000  -0.8211000000000
O137    6.3187000000000  -2.6969000000000  -0.1823000000000
O138    4.6313000000000  -4.4893000000000  -0.7497000000000
C139    5.0693000000000  -1.7405000000000  -5.1181000000000
C140    5.5913000000000  -0.9759000000000  -4.0715000000000
N141    5.5946000000000  -1.3917000000000  -2.8017000000000
C142    5.0612000000000  -2.5795000000000  -2.5636000000000
C143    4.5117000000000  -3.4372000000000  -3.5116000000000
C144    4.5248000000000  -2.9910000000000  -4.8336000000000
H145    5.0887000000000  -1.3564000000000  -6.1325000000000
H146    6.0209000000000   0.0052000000000  -4.2558000000000
H147    4.0972000000000  -4.3945000000000  -3.2213000000000
H148    4.1099000000000  -3.6087000000000  -5.6237000000000
&
