MAEFILE: B3LYP_SPE_Toru-SiPh3-NTf-Type-I-E-3-chkp-unrestrained.mol.mae
&gen
epsout=2.38
radprb=2.76
isolv=2
solvent=other
basis=6-31G**
gdftgrad=-13
gdftmed=-13
rsinglet=0
gdftfine=-13
dftname=B3LYP
iacc=1
&
entry_name: Toru-SiPh3-NTf-Type-I-E-3-chkp-unrestrained.1
&zmat
C1     -1.9392000000000   5.0955000000000   1.4946000000000
C2     -2.5615000000000   3.7735000000000   1.2117000000000
C3     -2.5762000000000   5.9927000000000   2.2561000000000
C4     -3.7588000000000   3.4790000000000   1.7641000000000
C5     -1.8687000000000   2.7500000000000   0.3753000000000
C6     -4.4584000000000   4.4817000000000   2.6005000000000
C7     -4.3873000000000   2.1686000000000   1.5081000000000
C8     -3.8975000000000   5.6740000000000   2.8301000000000
C9     -2.3649000000000   1.5001000000000   0.3051000000000
C10    -0.6544000000000   3.0939000000000  -0.4007000000000
C11    -3.7510000000000   1.2349000000000   0.7837000000000
O12    -1.6557000000000   0.5166000000000  -0.3388000000000
Si13   -4.6645000000000  -0.3099000000000   0.2663000000000
C14    -0.6783000000000   4.0381000000000  -1.3691000000000
C15     0.6341000000000   2.4361000000000  -0.0404000000000
C16     0.5967000000000   4.5204000000000  -1.9501000000000
C17    -1.9356000000000   4.6388000000000  -1.8841000000000
C18     1.7626000000000   4.0524000000000  -1.4918000000000
C19     0.5513000000000   5.5581000000000  -2.9994000000000
C20     1.7958000000000   2.9961000000000  -0.4529000000000
Si21    3.4721000000000   2.4677000000000   0.1879000000000
O22     0.6372000000000   1.3655000000000   0.8250000000000
C23    -1.9003000000000   5.5774000000000  -2.8373000000000
C24    -0.6220000000000   6.0511000000000  -3.4103000000000
P25    -0.2767000000000   0.0539000000000   0.4236000000000
O26    -0.5359000000000  -0.6564000000000   1.7213000000000
N27     0.4817000000000  -0.9010000000000  -0.6465000000000
C28    -6.4684000000000  -0.1854000000000   0.7122000000000
C29    -4.6966000000000  -0.4846000000000  -1.5842000000000
C30    -3.8925000000000  -1.7741000000000   1.1117000000000
C31     3.9342000000000   0.8624000000000  -0.6264000000000
C32     4.7357000000000   3.7634000000000  -0.2430000000000
C33     3.5533000000000   2.4051000000000   2.0463000000000
C34    -7.0756000000000  -1.1038000000000   1.4835000000000
C35    -7.2658000000000   0.9292000000000   0.1444000000000
C36    -4.2825000000000   0.5097000000000  -2.3881000000000
C37    -5.3153000000000  -1.6923000000000  -2.1825000000000
C38    -3.8869000000000  -1.8351000000000   2.4540000000000
C39    -3.3746000000000  -2.9224000000000   0.3293000000000
C40     4.1942000000000  -0.2389000000000   0.0927000000000
C41     4.0708000000000   0.8162000000000  -2.1021000000000
C42     4.5463000000000   5.0322000000000   0.1579000000000
C43     5.9748000000000   3.4103000000000  -0.9790000000000
C44     2.5409000000000   2.8445000000000   2.8138000000000
C45     4.8266000000000   1.9962000000000   2.6886000000000
C46    -8.5165000000000  -0.9822000000000   1.7895000000000
C47    -9.2267000000000   0.0341000000000   1.2861000000000
C48    -8.5713000000000   1.0345000000000   0.4203000000000
C49    -4.3970000000000   0.3758000000000  -3.8557000000000
C50    -4.9250000000000  -0.7311000000000  -4.3900000000000
C51    -5.4127000000000  -1.8131000000000  -3.5119000000000
C52    -3.4596000000000  -3.0714000000000   3.1401000000000
C53    -3.0635000000000  -4.1309000000000   2.4256000000000
C54    -2.9924000000000  -4.0429000000000   0.9532000000000
C55     4.6031000000000  -1.4903000000000  -0.5782000000000
C56     4.7455000000000  -1.5206000000000  -1.9079000000000
C57     4.4706000000000  -0.3093000000000  -2.7072000000000
C58     5.5436000000000   6.0730000000000  -0.1659000000000
C59     6.6500000000000   5.7523000000000  -0.8464000000000
C60     6.8785000000000   4.3553000000000  -1.2672000000000
C61     2.6792000000000   2.8698000000000   4.2851000000000
C62     3.8269000000000   2.4893000000000   4.8585000000000
C63     4.9555000000000   2.0372000000000   4.0204000000000
C64     4.7060000000000  -3.0445000000000   3.7593000000000
C65     3.8902000000000  -3.7285000000000   2.8642000000000
C66     2.7754000000000  -3.0976000000000   2.2833000000000
C67     2.4779000000000  -1.7740000000000   2.6417000000000
C68     3.2768000000000  -1.1094000000000   3.5717000000000
C69     4.3947000000000  -1.7315000000000   4.1234000000000
C70     1.9416000000000  -3.9120000000000   1.3747000000000
N71     1.4784000000000  -3.4453000000000   0.1754000000000
S72     0.9411000000000  -4.5802000000000  -1.0005000000000
O73     0.7962000000000  -5.8521000000000  -0.2822000000000
O74    -0.1820000000000  -3.9818000000000  -1.7110000000000
C75     2.3541000000000  -4.7172000000000  -2.1244000000000
C76     2.2155000000000  -4.3267000000000  -3.4513000000000
C77     3.3310000000000  -4.5118000000000  -4.2690000000000
C78     4.4899000000000  -5.0577000000000  -3.7212000000000
C79     4.5033000000000  -5.3942000000000  -2.3649000000000
N80     3.4441000000000  -5.2297000000000  -1.5661000000000
N81    -0.2151000000000  -3.0678000000000   2.8724000000000
C82    -0.0030000000000  -2.8879000000000   4.1763000000000
C83     0.5188000000000  -4.0743000000000   4.7403000000000
C84     0.6415000000000  -4.9811000000000   3.7037000000000
C85     0.2582000000000  -4.3306000000000   2.4901000000000
H86    -0.9629000000000   5.3428000000000   1.0991000000000
H87    -2.1201000000000   6.9530000000000   2.4596000000000
H88    -5.4266000000000   4.2533000000000   3.0284000000000
H89    -5.3839000000000   1.9925000000000   1.8891000000000
H90    -4.4088000000000   6.4061000000000   3.4418000000000
H91    -2.8997000000000   4.3122000000000  -1.5156000000000
H92     2.6879000000000   4.4239000000000  -1.9132000000000
H93     1.4685000000000   5.9302000000000  -3.4404000000000
H94    -2.8274000000000   5.9975000000000  -3.2058000000000
H95    -0.6409000000000   6.8123000000000  -4.1795000000000
H96    -6.5361000000000  -1.9511000000000   1.8808000000000
H97    -6.7935000000000   1.6647000000000  -0.4951000000000
H98    -3.8824000000000   1.4292000000000  -1.9848000000000
H99    -5.6954000000000  -2.4814000000000  -1.5457000000000
H100   -4.2620000000000  -1.0101000000000   3.0473000000000
H101   -3.3082000000000  -2.8713000000000  -0.7470000000000
H102    4.1341000000000  -0.2207000000000   1.1665000000000
H103    3.8616000000000   1.6979000000000  -2.6949000000000
H104    3.6592000000000   5.3111000000000   0.7136000000000
H105    6.1704000000000   2.3891000000000  -1.2738000000000
H106    1.6278000000000   3.2230000000000   2.3781000000000
H107    5.6619000000000   1.6704000000000   2.0814000000000
H108   -8.9964000000000  -1.7202000000000   2.4192000000000
H109  -10.2823000000000   0.1226000000000   1.5081000000000
H110   -9.1499000000000   1.8505000000000   0.0072000000000
H111   -4.0492000000000   1.1755000000000  -4.4968000000000
H112   -5.0062000000000  -0.8312000000000  -5.4646000000000
H113   -5.8601000000000  -2.6978000000000  -3.9458000000000
H114   -3.4885000000000  -3.1251000000000   4.2206000000000
H115   -2.7603000000000  -5.0414000000000   2.9261000000000
H116   -2.6220000000000  -4.8839000000000   0.3812000000000
H117    4.7990000000000  -2.3778000000000   0.0097000000000
H118    5.0555000000000  -2.4316000000000  -2.4011000000000
H119    4.5768000000000  -0.3395000000000  -3.7837000000000
H120    5.3760000000000   7.0949000000000   0.1485000000000
H121    7.3821000000000   6.5132000000000  -1.0839000000000
H122    7.7838000000000   4.0963000000000  -1.8010000000000
H123    1.8528000000000   3.2080000000000   4.8967000000000
H124    3.9310000000000   2.5127000000000   5.9354000000000
H125    5.8852000000000   1.7369000000000   4.4858000000000
H126    5.5777000000000  -3.5373000000000   4.1789000000000
H127    4.1240000000000  -4.7551000000000   2.5955000000000
H128    1.6244000000000  -1.2597000000000   2.2168000000000
H129    3.0137000000000  -0.0969000000000   3.8533000000000
H130    5.0191000000000  -1.1999000000000   4.8352000000000
H131    2.2404000000000  -4.9531000000000   1.3099000000000
H132    1.3007000000000  -3.8697000000000  -3.8033000000000
H133    3.2937000000000  -4.2217000000000  -5.3140000000000
H134    5.3768000000000  -5.2121000000000  -4.3267000000000
H135    5.3956000000000  -5.8082000000000  -1.9020000000000
H136   -0.4837000000000  -2.2781000000000   2.2496000000000
H137   -0.2074000000000  -1.9330000000000   4.6402000000000
H138    0.7771000000000  -4.2151000000000   5.7798000000000
H139    0.9986000000000  -6.0003000000000   3.7635000000000
H140   -0.1993000000000  -4.8436000000000   1.6551000000000
S141    0.7621000000000  -0.5722000000000  -2.1946000000000
O142    1.6975000000000  -1.5850000000000  -2.6988000000000
C143   -0.8528000000000  -0.9337000000000  -3.1136000000000
O144    1.0069000000000   0.8472000000000  -2.4886000000000
F145   -1.7006000000000  -1.6529000000000  -2.3822000000000
F146   -1.4334000000000   0.2210000000000  -3.4494000000000
F147   -0.5694000000000  -1.6097000000000  -4.2380000000000
H148    1.2093000000000  -2.4517000000000  -0.0401000000000
&
