MAEFILE: B3LYP-SPE-Toru-SiPh3-Type-I-E-5-chkp-2-unrestrained..mae
&gen
epsout=2.38
radprb=2.76
isolv=2
solvent=other
basis=6-31G**
gdftgrad=-13
gdftmed=-13
rsinglet=0
gdftfine=-13
dftname=B3LYP
iacc=1
&
entry_name: Toru-SiPh3-Type-I-E-5-chkp-2-unrestrained.1
&zmat
C1      1.5108000000000   5.4896000000000   0.2937000000000
C2      2.1830000000000   4.1604000000000   0.2563000000000
C3      2.2075000000000   6.6079000000000   0.0611000000000
C4      3.4944000000000   4.1012000000000  -0.0619000000000
C5      1.4305000000000   2.8948000000000   0.5158000000000
C6      4.2582000000000   5.3460000000000  -0.3117000000000
C7      4.1706000000000   2.7965000000000  -0.1712000000000
C8      3.6475000000000   6.5337000000000  -0.2480000000000
C9      2.0227000000000   1.7002000000000   0.2742000000000
C10     0.0199000000000   2.9400000000000   0.9753000000000
C11     3.4873000000000   1.6536000000000  -0.0101000000000
O12     1.3337000000000   0.5258000000000   0.4769000000000
Si13    4.4037000000000   0.0286000000000  -0.1042000000000
C14    -0.3569000000000   3.5216000000000   2.1368000000000
C15    -1.0093000000000   2.3590000000000   0.0783000000000
C16    -1.8028000000000   3.6852000000000   2.4366000000000
C17     0.6126000000000   4.0172000000000   3.1454000000000
C18    -2.7260000000000   3.2665000000000   1.5603000000000
C19    -2.1935000000000   4.3448000000000   3.6980000000000
C20    -2.3182000000000   2.5891000000000   0.3089000000000
Si21   -3.6499000000000   2.0078000000000  -0.8592000000000
O22    -0.5978000000000   1.6168000000000  -0.9981000000000
C23     0.1833000000000   4.6025000000000   4.2699000000000
C24    -1.2584000000000   4.7747000000000   4.5523000000000
P25     0.0934000000000   0.1891000000000  -0.5678000000000
O26     0.6057000000000  -0.4194000000000  -1.8499000000000
O27    -0.8938000000000  -0.6235000000000   0.2521000000000
C28     4.1232000000000  -0.7587000000000  -1.7723000000000
C29     6.2259000000000   0.3459000000000   0.1218000000000
C30     3.8486000000000  -1.0290000000000   1.3268000000000
C31    -4.2261000000000   0.3169000000000  -0.3289000000000
C32    -5.0620000000000   3.2226000000000  -0.7860000000000
C33    -2.9615000000000   1.9691000000000  -2.5921000000000
C34     3.3954000000000  -0.1318000000000  -2.7122000000000
C35     4.7799000000000  -2.0471000000000  -2.1079000000000
C36     6.6902000000000   0.7945000000000   1.3008000000000
C37     7.1738000000000   0.1483000000000  -1.0034000000000
C38     3.7444000000000  -2.3636000000000   1.2229000000000
C39     3.5637000000000  -0.3805000000000   2.6315000000000
C40    -5.0430000000000  -0.4036000000000  -1.1162000000000
C41    -3.8077000000000  -0.2362000000000   0.9822000000000
C42    -6.3376000000000   2.8110000000000  -0.6807000000000
C43    -4.7695000000000   4.6776000000000  -0.8024000000000
C44    -2.7053000000000   3.1092000000000  -3.2557000000000
C45    -2.6011000000000   0.6746000000000  -3.2169000000000
C46     3.1934000000000  -0.7521000000000  -4.0379000000000
C47     3.7617000000000  -1.9293000000000  -4.3212000000000
C48     4.6003000000000  -2.6043000000000  -3.3115000000000
C49     8.1320000000000   1.0614000000000   1.4823000000000
C50     8.9827000000000   0.8680000000000   0.4682000000000
C51     8.4793000000000   0.3937000000000  -0.8361000000000
C52     3.3654000000000  -3.1765000000000   2.3969000000000
C53     3.1193000000000  -2.5863000000000   3.5715000000000
C54     3.2172000000000  -1.1187000000000   3.6926000000000
C55    -5.5029000000000  -1.7414000000000  -0.6874000000000
C56    -5.1069000000000  -2.2416000000000   0.4885000000000
C57    -4.2244000000000  -1.4485000000000   1.3658000000000
C58    -7.4361000000000   3.7975000000000  -0.6142000000000
C59    -7.1655000000000   5.1072000000000  -0.6449000000000
C60    -5.7664000000000   5.5684000000000  -0.7379000000000
C61    -2.1102000000000   3.0680000000000  -4.6083000000000
C62    -1.8016000000000   1.8937000000000  -5.1704000000000
C63    -2.0517000000000   0.6381000000000  -4.4363000000000
C64    -2.8004000000000  -5.5336000000000  -2.8598000000000
C65    -1.8929000000000  -5.4026000000000  -1.8121000000000
C66    -1.6608000000000  -4.1520000000000  -1.2152000000000
C67    -2.3379000000000  -3.0222000000000  -1.7022000000000
C68    -3.2381000000000  -3.1593000000000  -2.7577000000000
C69    -3.4749000000000  -4.4086000000000  -3.3348000000000
C70    -0.7421000000000  -4.1036000000000  -0.0606000000000
N71    -0.8348000000000  -3.1001000000000   0.8694000000000
S72    -0.4223000000000  -3.4329000000000   2.4710000000000
O73     0.4185000000000  -4.6367000000000   2.4792000000000
O74     0.0138000000000  -2.1853000000000   3.0908000000000
C75    -2.0253000000000  -3.8622000000000   3.2062000000000
C76    -2.4412000000000  -3.2015000000000   4.3588000000000
C77    -3.6770000000000  -3.5766000000000   4.8879000000000
C78    -4.4138000000000  -4.5688000000000   4.2439000000000
C79    -3.8858000000000  -5.1586000000000   3.0924000000000
N80    -2.7016000000000  -4.8157000000000   2.5753000000000
N81     1.0176000000000  -2.9877000000000  -1.9332000000000
C82     1.0539000000000  -3.6288000000000  -3.0969000000000
C83     1.3212000000000  -5.0048000000000  -2.8838000000000
C84     1.4352000000000  -5.1730000000000  -1.5175000000000
C85     1.1480000000000  -3.9171000000000  -0.8936000000000
H86     0.4510000000000   5.5698000000000   0.4944000000000
H87     1.7137000000000   7.5707000000000   0.0892000000000
H88     5.3140000000000   5.2987000000000  -0.5483000000000
H89     5.2293000000000   2.7822000000000  -0.3954000000000
H90     4.2058000000000   7.4425000000000  -0.4319000000000
H91     1.6782000000000   3.8982000000000   2.9965000000000
H92    -3.7791000000000   3.3987000000000   1.7782000000000
H93    -3.2403000000000   4.4865000000000   3.9392000000000
H94     0.9050000000000   4.9540000000000   4.9961000000000
H95    -1.5592000000000   5.2565000000000   5.4738000000000
H96    -0.8809000000000  -2.0312000000000   0.6135000000000
H97     2.9397000000000   0.8299000000000  -2.5192000000000
H98     5.4352000000000  -2.5290000000000  -1.3943000000000
H99     6.0212000000000   0.9725000000000   2.1315000000000
H100    6.8211000000000  -0.1761000000000  -1.9722000000000
H101    3.9396000000000  -2.8726000000000   0.2943000000000
H102    3.6297000000000   0.6954000000000   2.7329000000000
H103   -5.3693000000000  -0.0190000000000  -2.0745000000000
H104   -3.1671000000000   0.3338000000000   1.6414000000000
H105   -6.5894000000000   1.7618000000000  -0.6448000000000
H106   -3.7467000000000   5.0292000000000  -0.8424000000000
H107   -2.9177000000000   4.0718000000000  -2.8156000000000
H108   -2.7420000000000  -0.2446000000000  -2.6751000000000
H109    2.5819000000000  -0.2521000000000  -4.7778000000000
H110    3.6132000000000  -2.3858000000000  -5.2911000000000
H111    5.0838000000000  -3.5417000000000  -3.5540000000000
H112    8.4974000000000   1.4148000000000   2.4379000000000
H113   10.0390000000000   1.0644000000000   0.5992000000000
H114    9.1681000000000   0.2538000000000  -1.6591000000000
H115    3.2888000000000  -4.2520000000000   2.3029000000000
H116    2.8390000000000  -3.1811000000000   4.4311000000000
H117    3.0074000000000  -0.6420000000000   4.6413000000000
H118   -6.1506000000000  -2.3199000000000  -1.3331000000000
H119   -5.4342000000000  -3.2250000000000   0.8008000000000
H120   -3.9239000000000  -1.8451000000000   2.3243000000000
H121   -8.4608000000000   3.4566000000000  -0.5402000000000
H122   -7.9693000000000   5.8302000000000  -0.5951000000000
H123   -5.5488000000000   6.6286000000000  -0.7434000000000
H124   -1.9200000000000   3.9910000000000  -5.1404000000000
H125   -1.3609000000000   1.8619000000000  -6.1584000000000
H126   -1.7766000000000  -0.3103000000000  -4.8798000000000
H127   -2.9819000000000  -6.5095000000000  -3.3000000000000
H128   -1.3700000000000  -6.2776000000000  -1.4379000000000
H129   -2.1650000000000  -2.0544000000000  -1.2418000000000
H130   -3.7717000000000  -2.2927000000000  -3.1326000000000
H131   -4.1846000000000  -4.5029000000000  -4.1514000000000
H132   -0.5348000000000  -5.0694000000000   0.3879000000000
H133   -1.8268000000000  -2.4244000000000   4.7968000000000
H134   -4.0585000000000  -3.0952000000000   5.7830000000000
H135   -5.3822000000000  -4.8820000000000   4.6196000000000
H136   -4.4353000000000  -5.9328000000000   2.5623000000000
H137    0.8472000000000  -1.9285000000000  -1.8399000000000
H138    0.8857000000000  -3.0994000000000  -4.0253000000000
H139    1.4078000000000  -5.7557000000000  -3.6561000000000
H140    1.6441000000000  -6.0891000000000  -0.9813000000000
H141    1.5643000000000  -3.5934000000000   0.0472000000000
&
