MAEFILE: Toru-SiPh3-Type-I-E-2-chkp4-unrestrained-IRC-min-disp-SPE.mae
&gen
epsout=2.38
radprb=2.76
solvent=other
isolv=2
basis=6-31G**
gdftgrad=-13
gdftmed=-13
gdftfine=-13
dftname=M06-2X
iacc=1
&
entry_name: Toru-SiPh3-Type-I-E-2-chkp4-unrestrained-IRC-min-disp.1
&zmat
C1     -1.3502000000000  -5.3504000000000   0.2008000000000
C2     -2.0723000000000  -4.0458000000000   0.2033000000000
C3     -2.0143000000000  -6.4935000000000  -0.0052000000000
C4     -3.3964000000000  -4.0364000000000  -0.0664000000000
C5     -1.3614000000000  -2.7525000000000   0.4596000000000
C6     -4.1234000000000  -5.3088000000000  -0.2862000000000
C7     -4.1148000000000  -2.7582000000000  -0.2048000000000
C8     -3.4679000000000  -6.4730000000000  -0.2491000000000
C9     -2.0133000000000  -1.5782000000000   0.2439000000000
C10     0.0727000000000  -2.7581000000000   0.8555000000000
C11    -3.4604000000000  -1.5930000000000  -0.1118000000000
O12    -1.4331000000000  -0.3654000000000   0.5446000000000
Si13   -4.3541000000000   0.0080000000000  -0.4667000000000
C14     0.5400000000000  -3.3916000000000   1.9549000000000
C15     1.0286000000000  -2.0923000000000  -0.0647000000000
C16     2.0071000000000  -3.5414000000000   2.1433000000000
C17    -0.3479000000000  -3.9681000000000   2.9940000000000
C18     2.8603000000000  -3.0487000000000   1.2337000000000
C19     2.4954000000000  -4.2793000000000   3.3246000000000
C20     2.3550000000000  -2.2935000000000   0.0656000000000
Si21    3.5902000000000  -1.5992000000000  -1.1479000000000
O22     0.5336000000000  -1.2093000000000  -0.9885000000000
C23     0.1686000000000  -4.6195000000000   4.0428000000000
C24     1.6292000000000  -4.7861000000000   4.2092000000000
P25    -0.0793000000000   0.1042000000000  -0.2496000000000
O26    -0.4848000000000   1.0072000000000  -1.4538000000000
O27     0.8383000000000   0.7287000000000   0.7410000000000
C28    -3.7499000000000   0.7398000000000  -2.0663000000000
C29    -6.1763000000000  -0.2673000000000  -0.7191000000000
C30    -4.0702000000000   1.1246000000000   0.9925000000000
C31     4.3324000000000  -0.0295000000000  -0.4682000000000
C32     4.8998000000000  -2.9018000000000  -1.4027000000000
C33     2.7341000000000  -1.2538000000000  -2.7707000000000
C34    -2.8745000000000   0.0805000000000  -2.8447000000000
C35    -4.3133000000000   2.0282000000000  -2.5365000000000
C36    -7.0889000000000   0.2428000000000   0.1255000000000
C37    -6.6301000000000  -1.0229000000000  -1.9120000000000
C38    -3.6150000000000   2.3802000000000   0.8480000000000
C39    -4.3653000000000   0.6077000000000   2.3507000000000
C40     5.1822000000000   0.6966000000000  -1.2153000000000
C41     3.9794000000000   0.4417000000000   0.8934000000000
C42     6.2102000000000  -2.6063000000000  -1.3436000000000
C43     4.4854000000000  -4.3099000000000  -1.6238000000000
C44     2.2367000000000  -2.2604000000000  -3.5097000000000
C45     2.4950000000000   0.1447000000000  -3.2033000000000
C46    -2.4251000000000   0.6696000000000  -4.1232000000000
C47    -2.9144000000000   1.8473000000000  -4.5276000000000
C48    -3.9114000000000   2.5555000000000  -3.6995000000000
C49    -8.5304000000000   0.0273000000000  -0.1198000000000
C50    -8.9331000000000  -0.6655000000000  -1.1916000000000
C51    -7.9363000000000  -1.2137000000000  -2.1330000000000
C52    -3.4764000000000   3.2578000000000   2.0284000000000
C53    -3.7571000000000   2.7908000000000   3.2505000000000
C54    -4.2127000000000   1.3970000000000   3.4205000000000
C55     5.7575000000000   1.9501000000000  -0.6865000000000
C56     5.4236000000000   2.3770000000000   0.5361000000000
C57     4.4941000000000   1.5848000000000   1.3646000000000
C58     7.2232000000000  -3.6644000000000  -1.5407000000000
C59     6.8412000000000  -4.9273000000000  -1.7611000000000
C60     5.4053000000000  -5.2667000000000  -1.7970000000000
C61     1.4855000000000  -1.9760000000000  -4.7505000000000
C62     1.2780000000000  -0.7116000000000  -5.1347000000000
C63     1.8024000000000   0.4009000000000  -4.3193000000000
C64     4.0848000000000   6.0421000000000  -1.2011000000000
C65     3.0838000000000   5.8199000000000  -0.2551000000000
C66     2.3195000000000   4.6479000000000  -0.2813000000000
C67     2.5841000000000   3.6906000000000  -1.2688000000000
C68     3.5765000000000   3.9169000000000  -2.2221000000000
C69     4.3295000000000   5.0916000000000  -2.1915000000000
C70     1.2217000000000   4.4512000000000   0.7513000000000
N71     1.4911000000000   3.2826000000000   1.5974000000000
S72     0.8348000000000   3.3700000000000   3.1497000000000
O73     1.6716000000000   4.2559000000000   3.9609000000000
O74    -0.6163000000000   3.6619000000000   3.0928000000000
C75     0.9867000000000   1.6420000000000   3.7002000000000
C76    -0.1703000000000   0.8675000000000   3.7594000000000
C77    -0.0283000000000  -0.4426000000000   4.2112000000000
C78     1.2400000000000  -0.8969000000000   4.5690000000000
C79     2.3240000000000  -0.0241000000000   4.4577000000000
N80     2.2032000000000   1.2382000000000   4.0335000000000
N81    -0.4738000000000   3.5379000000000  -0.9745000000000
C82    -0.9632000000000   4.2221000000000  -1.9616000000000
C83    -1.0842000000000   5.6422000000000  -1.6757000000000
C84    -0.6351000000000   5.8068000000000  -0.4142000000000
C85    -0.2280000000000   4.4736000000000   0.1282000000000
H86    -0.2796000000000  -5.3939000000000   0.3450000000000
H87    -1.4835000000000  -7.4369000000000  -0.0070000000000
H88    -5.1885000000000  -5.3004000000000  -0.4819000000000
H89    -5.1697000000000  -2.7851000000000  -0.4368000000000
H90    -3.9994000000000  -7.4017000000000  -0.4121000000000
H91    -1.4224000000000  -3.8547000000000   2.9294000000000
H92     3.9284000000000  -3.1767000000000   1.3647000000000
H93     3.5586000000000  -4.4162000000000   3.4824000000000
H94    -0.4942000000000  -5.0293000000000   4.7940000000000
H95     2.0014000000000  -5.3238000000000   5.0717000000000
H96     1.2969000000000   2.3616000000000   1.1732000000000
H97    -2.4748000000000  -0.8804000000000  -2.5504000000000
H98    -5.0542000000000   2.5476000000000  -1.9417000000000
H99    -6.7938000000000   0.8204000000000   0.9899000000000
H100   -5.9053000000000  -1.4244000000000  -2.6095000000000
H101   -3.3601000000000   2.7786000000000  -0.1226000000000
H102   -4.7072000000000  -0.4114000000000   2.4821000000000
H103    5.4476000000000   0.3808000000000  -2.2167000000000
H104    3.3066000000000  -0.1318000000000   1.5160000000000
H105    6.5534000000000  -1.6012000000000  -1.1530000000000
H106    3.4376000000000  -4.5794000000000  -1.6186000000000
H107    2.3525000000000  -3.2886000000000  -3.2025000000000
H108    2.8492000000000   0.9679000000000  -2.6058000000000
H109   -1.6979000000000   0.1461000000000  -4.7301000000000
H110   -2.5849000000000   2.2809000000000  -5.4629000000000
H111   -4.3185000000000   3.4995000000000  -4.0375000000000
H112   -9.2595000000000   0.4337000000000   0.5691000000000
H113   -9.9886000000000  -0.8224000000000  -1.3727000000000
H114   -8.2650000000000  -1.7673000000000  -3.0030000000000
H115   -3.1515000000000   4.2821000000000   1.9016000000000
H116   -3.6507000000000   3.4324000000000   4.1155000000000
H117   -4.4283000000000   1.0181000000000   4.4110000000000
H118    6.4367000000000   2.5302000000000  -1.2977000000000
H119    5.8329000000000   3.3025000000000   0.9198000000000
H120    4.2359000000000   1.9314000000000   2.3557000000000
H121    8.2757000000000  -3.4142000000000  -1.5060000000000
H122    7.5823000000000  -5.7029000000000  -1.9044000000000
H123    5.0991000000000  -6.2934000000000  -1.9509000000000
H124    1.0955000000000  -2.7939000000000  -5.3423000000000
H125    0.7212000000000  -0.5015000000000  -6.0387000000000
H126    1.6176000000000   1.4239000000000  -4.6211000000000
H127    4.6717000000000   6.9550000000000  -1.1613000000000
H128    2.9000000000000   6.5615000000000   0.5181000000000
H129    2.0151000000000   2.7683000000000  -1.2873000000000
H130    3.7724000000000   3.1717000000000  -2.9869000000000
H131    5.1065000000000   5.2602000000000  -2.9313000000000
H132    1.2470000000000   5.3190000000000   1.4182000000000
H133   -1.1220000000000   1.2803000000000   3.4535000000000
H134   -0.8933000000000  -1.0954000000000   4.2797000000000
H135    1.3928000000000  -1.9066000000000   4.9345000000000
H136    3.3281000000000  -0.3469000000000   4.7223000000000
H137   -0.4464000000000   2.0276000000000  -1.1878000000000
H138   -1.2464000000000   3.7327000000000  -2.8897000000000
H139   -1.4680000000000   6.3915000000000  -2.3555000000000
H140   -0.5779000000000   6.7292000000000   0.1504000000000
H141   -0.8897000000000   4.1935000000000   0.9610000000000
&
