MAEFILE: Type-II-Z-sulfonyl-bind-4-chkp-2-scan-unrestrained-SPE.mae
&gen
epsout=2.38
radprb=2.76
solvent=other
isolv=2
basis=6-31G**
gdftgrad=-13
gdftmed=-13
gdftfine=-13
dftname=M06-2X
iacc=1
&
entry_name: Type-II-Z-sulfonyl-bind-4-chkp-2-scan-unrestrained
&zmat
C1      1.5331000000000   2.9093000000000  -0.7674000000000
C2     -0.2825000000000   5.0045000000000  -0.2065000000000
C3     -0.7570000000000   3.6035000000000  -0.1979000000000
C4      0.1221000000000   2.5951000000000  -0.3817000000000
H5     -0.9775000000000   5.8098000000000  -0.0035000000000
C6      4.5088000000000  -0.0158000000000  -1.7687000000000
C7      3.8875000000000  -0.0680000000000  -0.5798000000000
C8      2.7162000000000   0.8159000000000  -0.3307000000000
C9      2.4326000000000   1.8087000000000  -1.1955000000000
H10     5.3989000000000  -0.5985000000000  -1.9577000000000
C11     1.9678000000000   4.1925000000000  -0.7181000000000
C12     1.0053000000000   5.2840000000000  -0.4301000000000
C13     1.4918000000000   6.6783000000000  -0.4199000000000
C14     2.7829000000000   6.9443000000000  -0.6425000000000
C15     3.7591000000000   5.8637000000000  -0.8950000000000
C16     3.3886000000000   4.5784000000000  -0.9289000000000
H17     0.8056000000000   7.4956000000000  -0.2319000000000
H18     3.1261000000000   7.9708000000000  -0.6307000000000
H19     4.7993000000000   6.1224000000000  -1.0462000000000
H20     4.1525000000000   3.8292000000000  -1.0894000000000
C21     4.0460000000000   0.9146000000000  -2.8175000000000
C22     3.0666000000000   1.8056000000000  -2.5462000000000
C23     2.6032000000000   2.7234000000000  -3.6211000000000
C24     3.1763000000000   2.6909000000000  -4.8297000000000
C25     4.2675000000000   1.7372000000000  -5.1080000000000
C26     4.6799000000000   0.8931000000000  -4.1559000000000
H27     1.7926000000000   3.4176000000000  -3.4419000000000
H28     2.8361000000000   3.3599000000000  -5.6096000000000
H29     4.7294000000000   1.7195000000000  -6.0867000000000
H30     5.4776000000000   0.1924000000000  -4.3688000000000
Si31   -2.5668000000000   3.2982000000000   0.1473000000000
Si32    4.6654000000000  -1.0035000000000   0.8376000000000
C33    -4.1583000000000  -0.1146000000000  -2.6506000000000
C34    -4.6253000000000  -0.0143000000000  -1.4015000000000
C35    -4.1135000000000   1.0395000000000  -0.5000000000000
C36    -3.1914000000000   1.9146000000000  -0.9359000000000
C37    -2.6774000000000   1.7949000000000  -2.3232000000000
C38    -3.1330000000000   0.8311000000000  -3.1323000000000
H39    -4.5284000000000  -0.8880000000000  -3.3095000000000
H40    -5.3744000000000  -0.7099000000000  -1.0453000000000
H41    -4.5060000000000   1.0893000000000   0.5037000000000
H42    -1.9224000000000   2.4804000000000  -2.6866000000000
H43    -2.7504000000000   0.7419000000000  -4.1406000000000
C44    -3.1158000000000   2.4619000000000   4.7270000000000
C45    -4.1877000000000   2.6254000000000   3.9435000000000
C46    -4.0181000000000   2.8586000000000   2.4953000000000
C47    -2.7878000000000   2.9285000000000   1.9592000000000
C48    -1.6031000000000   2.7693000000000   2.8381000000000
C49    -1.7606000000000   2.5363000000000   4.1467000000000
H50    -3.2393000000000   2.2827000000000   5.7871000000000
H51    -5.1825000000000   2.5814000000000   4.3674000000000
H52    -4.8996000000000   3.0014000000000   1.8829000000000
H53    -0.6030000000000   2.8402000000000   2.4331000000000
H54    -0.8949000000000   2.4139000000000   4.7846000000000
C55    -4.8636000000000   7.2179000000000  -1.0158000000000
C56    -4.3526000000000   6.4301000000000  -1.9685000000000
C57    -3.6324000000000   5.1937000000000  -1.5999000000000
C58    -3.5002000000000   4.8443000000000  -0.3089000000000
C59    -4.0521000000000   5.7341000000000   0.7435000000000
C60    -4.7005000000000   6.8557000000000   0.4061000000000
H61    -5.3898000000000   8.1248000000000  -1.2840000000000
H62    -4.4640000000000   6.6969000000000  -3.0115000000000
H63    -3.2146000000000   4.5828000000000  -2.3882000000000
H64    -3.9171000000000   5.5009000000000   1.7903000000000
H65    -5.0970000000000   7.5061000000000   1.1751000000000
C66     8.1498000000000  -3.7620000000000  -0.7012000000000
C67     8.3820000000000  -2.8835000000000   0.2799000000000
C68     7.2952000000000  -2.0060000000000   0.7629000000000
C69     6.0620000000000  -2.0930000000000   0.2319000000000
C70     5.8226000000000  -3.0543000000000  -0.8743000000000
C71     6.8095000000000  -3.8453000000000  -1.3121000000000
H72     8.9451000000000  -4.4047000000000  -1.0560000000000
H73     9.3665000000000  -2.8140000000000   0.7241000000000
H74     7.5227000000000  -1.3023000000000   1.5490000000000
H75     4.8609000000000  -3.0958000000000  -1.3641000000000
H76     6.6317000000000  -4.5357000000000  -2.1265000000000
C77     1.6220000000000  -3.7267000000000   3.1498000000000
C78     1.9619000000000  -2.5331000000000   3.6470000000000
C79     2.8782000000000  -1.6519000000000   2.8959000000000
C80     3.3913000000000  -2.0478000000000   1.7167000000000
C81     2.9754000000000  -3.3566000000000   1.1557000000000
C82     2.1394000000000  -4.1505000000000   1.8357000000000
H83     0.9524000000000  -4.3750000000000   3.7000000000000
H84     1.5700000000000  -2.2118000000000   4.6032000000000
H85     3.1320000000000  -0.6930000000000   3.3254000000000
H86     3.3432000000000  -3.6885000000000   0.1995000000000
H87     1.8406000000000  -5.1056000000000   1.4235000000000
C88     6.3771000000000   2.1085000000000   3.9088000000000
C89     5.9298000000000   2.5294000000000   2.7201000000000
C90     5.3945000000000   1.5588000000000   1.7430000000000
C91     5.3483000000000   0.2487000000000   2.0444000000000
C92     5.8532000000000  -0.2105000000000   3.3625000000000
C93     6.3385000000000   0.6713000000000   4.2447000000000
H94     6.7695000000000   2.8189000000000   4.6249000000000
H95     5.9589000000000   3.5822000000000   2.4705000000000
H96     5.0536000000000   1.9295000000000   0.7867000000000
H97     5.8301000000000  -1.2630000000000   3.6164000000000
H98     6.7046000000000   0.3332000000000   5.2055000000000
O99    -0.3230000000000   1.2961000000000  -0.3432000000000
O100    2.0068000000000   0.7029000000000   0.8382000000000
P101    0.4541000000000   0.2247000000000   0.6223000000000
O102   -0.1525000000000   0.1392000000000   1.9891000000000
N103   -3.0590000000000  -2.5550000000000  -0.3104000000000
H104   -2.3177000000000  -2.1862000000000  -0.9482000000000
C105   -3.0506000000000  -1.9737000000000   0.9287000000000
C106   -6.2999000000000  -1.3646000000000   3.6255000000000
C107   -5.0910000000000  -0.6923000000000   3.7895000000000
C108   -4.0449000000000  -0.9069000000000   2.8939000000000
C109   -4.1862000000000  -1.8324000000000   1.8378000000000
C110   -5.4202000000000  -2.4933000000000   1.6723000000000
C111   -6.4638000000000  -2.2506000000000   2.5555000000000
H112   -7.1177000000000  -1.1898000000000   4.3183000000000
H113   -4.9653000000000   0.0025000000000   4.6128000000000
H114   -3.1262000000000  -0.3381000000000   2.9856000000000
H115   -5.5610000000000  -3.1798000000000   0.8497000000000
H116   -7.4136000000000  -2.7555000000000   2.4086000000000
H117   -2.3778000000000  -1.1197000000000   0.9299000000000
N118    0.3696000000000  -1.1713000000000  -0.2106000000000
S119    0.1739000000000  -1.3382000000000  -1.7748000000000
O120    0.8478000000000  -0.3766000000000  -2.6560000000000
O121   -1.2411000000000  -1.6593000000000  -2.1298000000000
C122    1.0465000000000  -2.9605000000000  -2.0604000000000
F123    0.6652000000000  -3.4438000000000  -3.2542000000000
F124    2.3681000000000  -2.7708000000000  -2.0805000000000
F125    0.7419000000000  -3.8570000000000  -1.1210000000000
C126   -1.4695000000000  -3.0459000000000   2.0500000000000
C127   -2.1395000000000  -4.1161000000000   2.7015000000000
C128   -2.2971000000000  -3.7635000000000   4.0363000000000
C129   -1.6736000000000  -2.5113000000000   4.2052000000000
N130   -1.1470000000000  -2.1211000000000   3.0358000000000
H131   -0.8597000000000  -3.0815000000000   1.1570000000000
H132   -2.4950000000000  -5.0118000000000   2.2136000000000
H133   -2.8066000000000  -4.3209000000000   4.8088000000000
H134   -1.5907000000000  -1.8967000000000   5.0909000000000
H135   -0.6595000000000  -1.2310000000000   2.8047000000000
S136   -3.3316000000000  -4.2019000000000  -0.7477000000000
O137   -2.0117000000000  -4.8032000000000  -0.9468000000000
O138   -4.2861000000000  -4.8086000000000   0.1758000000000
C139   -5.2432000000000  -3.5046000000000  -4.7641000000000
C140   -5.9669000000000  -3.5745000000000  -3.5707000000000
N141   -5.3904000000000  -3.7830000000000  -2.3821000000000
C142   -4.0733000000000  -3.9355000000000  -2.3812000000000
C143   -3.2370000000000  -3.8808000000000  -3.4939000000000
C144   -3.8581000000000  -3.6537000000000  -4.7228000000000
H145   -5.7595000000000  -3.3287000000000  -5.7019000000000
H146   -7.0473000000000  -3.4544000000000  -3.5656000000000
H147   -2.1636000000000  -3.9839000000000  -3.3954000000000
H148   -3.2649000000000  -3.5909000000000  -5.6293000000000
&
