MAEFILE: Toru-NTf-Sulfonyl-1-chkp-unrestrained-uff-acc-sol.mae
&gen
epsout=2.38
radprb=2.76
isolv=2
solvent=other
basis=6-31G**
gdftgrad=-13
gdftmed=-13
rsinglet=0
gdftfine=-13
dftname=M06-2X
iacc=1
&
entry_name: Toru-NTf-Sulfonyl-1-chkp-unrestrained.1
&zmat
C1     -5.3950000000000   3.1228000000000  -0.4460000000000
C2     -4.9185000000000   1.7111000000000  -0.4209000000000
C3     -6.6864000000000   3.4062000000000  -0.2408000000000
C4     -5.8031000000000   0.7296000000000  -0.1367000000000
C5     -3.4836000000000   1.3627000000000  -0.6587000000000
C6     -7.2319000000000   1.0542000000000   0.0837000000000
C7     -5.3448000000000  -0.6647000000000   0.0010000000000
C8     -7.6499000000000   2.3228000000000   0.0274000000000
C9     -3.0597000000000   0.0926000000000  -0.4448000000000
C10    -2.5037000000000   2.4117000000000  -1.0496000000000
C11    -4.0474000000000  -0.9774000000000  -0.1308000000000
O12    -1.7501000000000  -0.2500000000000  -0.6786000000000
Si13   -3.5040000000000  -2.7355000000000   0.2003000000000
C14    -2.6202000000000   3.1454000000000  -2.1801000000000
C15    -1.3640000000000   2.6637000000000  -0.1284000000000
C16    -1.6935000000000   4.2838000000000  -2.4122000000000
C17    -3.6427000000000   2.8718000000000  -3.2205000000000
C18    -0.7384000000000   4.5723000000000  -1.5176000000000
C19    -1.8659000000000   5.0991000000000  -3.6306000000000
C20    -0.5549000000000   3.7267000000000  -0.3174000000000
Si21    0.8565000000000   4.1407000000000   0.8366000000000
O22    -1.1403000000000   1.7806000000000   0.8962000000000
C23    -3.7332000000000   3.6501000000000  -4.3056000000000
C24    -2.8250000000000   4.7989000000000  -4.5132000000000
P25    -0.6368000000000   0.3132000000000   0.3895000000000
O26    -0.4634000000000  -0.5622000000000   1.5870000000000
N27     0.6834000000000   0.6345000000000  -0.5230000000000
C28    -4.9634000000000  -3.8603000000000  -0.0813000000000
C29    -2.1697000000000  -3.2384000000000  -1.0032000000000
C30    -2.9422000000000  -2.8749000000000   1.9746000000000
C31     2.4767000000000   3.6328000000000   0.0695000000000
C32     0.8167000000000   5.9813000000000   1.1101000000000
C33     0.6607000000000   3.2609000000000   2.4690000000000
C34    -5.4612000000000  -4.0212000000000  -1.3194000000000
C35    -5.6194000000000  -4.5491000000000   1.0586000000000
C36    -2.2488000000000  -2.8528000000000  -2.2889000000000
C37    -1.0518000000000  -4.1193000000000  -0.5814000000000
C38    -2.9170000000000  -1.7961000000000   2.7771000000000
C39    -2.5741000000000  -4.1998000000000   2.5330000000000
C40     2.5441000000000   3.2010000000000  -1.2013000000000
C41     3.7132000000000   3.6804000000000   0.8869000000000
C42     1.9303000000000   6.7289000000000   1.0220000000000
C43    -0.4830000000000   6.6436000000000   1.3809000000000
C44    -0.1999000000000   3.7100000000000   3.3981000000000
C45     1.3824000000000   1.9870000000000   2.7067000000000
C46    -6.6253000000000  -4.9020000000000  -1.5477000000000
C47    -7.2001000000000  -5.5339000000000  -0.5184000000000
C48    -6.6760000000000  -5.3440000000000   0.8486000000000
C49    -1.2409000000000  -3.3063000000000  -3.2697000000000
C50    -0.2526000000000  -4.1219000000000  -2.8872000000000
C51    -0.1595000000000  -4.5550000000000  -1.4795000000000
C52    -2.4863000000000  -1.9226000000000   4.1848000000000
C53    -2.1403000000000  -3.1179000000000   4.6757000000000
C54    -2.1897000000000  -4.3126000000000   3.8101000000000
C55     3.8377000000000   2.7748000000000  -1.7752000000000
C56     4.9471000000000   2.8083000000000  -1.0284000000000
C57     4.8820000000000   3.2862000000000   0.3669000000000
C58     1.8631000000000   8.1913000000000   1.2259000000000
C59     0.6898000000000   8.7801000000000   1.4847000000000
C60    -0.5413000000000   7.9687000000000   1.5609000000000
C61    -0.4043000000000   2.9544000000000   4.6521000000000
C62     0.2504000000000   1.8060000000000   4.8587000000000
C63     1.1819000000000   1.2952000000000   3.8350000000000
C64     4.7637000000000  -1.2311000000000   4.6494000000000
C65     4.4906000000000  -2.1642000000000   3.6512000000000
C66     4.2129000000000  -1.7482000000000   2.3377000000000
C67     4.2060000000000  -0.3734000000000   2.0417000000000
C68     4.4986000000000   0.5504000000000   3.0410000000000
C69     4.7713000000000   0.1291000000000   4.3447000000000
C70     4.0386000000000  -2.7872000000000   1.3007000000000
N71     4.1953000000000  -2.4465000000000  -0.0195000000000
S72     4.5211000000000  -3.6910000000000  -1.1560000000000
O73     5.5701000000000  -4.5166000000000  -0.5574000000000
O74     3.2725000000000  -4.3198000000000  -1.6012000000000
C75     5.1341000000000  -2.6682000000000  -2.5203000000000
C76     4.3367000000000  -2.5396000000000  -3.6529000000000
C77     4.8292000000000  -1.7216000000000  -4.6709000000000
C78     6.0642000000000  -1.1017000000000  -4.4977000000000
C79     6.7691000000000  -1.3161000000000  -3.3090000000000
N80     6.3119000000000  -2.0917000000000  -2.3215000000000
N81     1.2877000000000  -2.5433000000000   2.0696000000000
C82     1.0760000000000  -2.8021000000000   3.3557000000000
C83     1.6823000000000  -4.0352000000000   3.6973000000000
C84     2.2720000000000  -4.5131000000000   2.5421000000000
C85     2.1093000000000  -3.5284000000000   1.5098000000000
H86    -4.7053000000000   3.9387000000000  -0.6133000000000
H87    -7.0262000000000   4.4337000000000  -0.2596000000000
H88    -7.9432000000000   0.2650000000000   0.2938000000000
H89    -6.0719000000000  -1.4232000000000   0.2616000000000
H90    -8.6935000000000   2.5590000000000   0.1902000000000
H91    -4.3189000000000   2.0320000000000  -3.1269000000000
H92    -0.0729000000000   5.4112000000000  -1.6848000000000
H93    -1.2159000000000   5.9455000000000  -3.8184000000000
H94    -4.4836000000000   3.4335000000000  -5.0550000000000
H95    -2.9389000000000   5.4043000000000  -5.4033000000000
H96    -5.0253000000000  -3.5102000000000  -2.1664000000000
H97    -5.2678000000000  -4.4013000000000   2.0697000000000
H98    -3.0498000000000  -2.2084000000000  -2.6279000000000
H99    -0.9387000000000  -4.4189000000000   0.4478000000000
H100   -3.2000000000000  -0.8181000000000   2.4128000000000
H101   -2.6360000000000  -5.0874000000000   1.9164000000000
H102    1.6615000000000   3.1469000000000  -1.8223000000000
H103    3.6734000000000   4.0256000000000   1.9125000000000
H104    2.8898000000000   6.2843000000000   0.8030000000000
H105   -1.3948000000000   6.0610000000000   1.4193000000000
H106   -0.7680000000000   4.6151000000000   3.2427000000000
H107    2.0378000000000   1.5848000000000   1.9477000000000
H108   -7.0116000000000  -5.0338000000000  -2.5501000000000
H109   -8.0535000000000  -6.1787000000000  -0.6838000000000
H110   -7.1558000000000  -5.8412000000000   1.6817000000000
H111   -1.3079000000000  -2.9803000000000  -4.2995000000000
H112    0.4864000000000  -4.4558000000000  -3.6040000000000
H113    0.6466000000000  -5.2073000000000  -1.1707000000000
H114   -2.4484000000000  -1.0443000000000   4.8163000000000
H115   -1.8218000000000  -3.2115000000000   5.7058000000000
H116   -1.9236000000000  -5.2807000000000   4.2140000000000
H117    3.8828000000000   2.4236000000000  -2.7979000000000
H118    5.8930000000000   2.4870000000000  -1.4448000000000
H119    5.7813000000000   3.3144000000000   0.9685000000000
H120    2.7661000000000   8.7847000000000   1.1642000000000
H121    0.6394000000000   9.8510000000000   1.6328000000000
H122   -1.4914000000000   8.4494000000000   1.7549000000000
H123   -1.0936000000000   3.3278000000000   5.3983000000000
H124    0.0938000000000   1.2463000000000   5.7717000000000
H125    1.6884000000000   0.3520000000000   3.9925000000000
H126    4.9835000000000  -1.5687000000000   5.6575000000000
H127    4.5142000000000  -3.2236000000000   3.8825000000000
H128    3.9926000000000  -0.0211000000000   1.0373000000000
H129    4.5096000000000   1.6086000000000   2.8048000000000
H130    4.9927000000000   0.8604000000000   5.1162000000000
H131    4.5376000000000  -3.7241000000000   1.5271000000000
H132    3.3769000000000  -3.0356000000000  -3.7110000000000
H133    4.2493000000000  -1.5670000000000  -5.5750000000000
H134    6.4784000000000  -0.4547000000000  -5.2639000000000
H135    7.7339000000000  -0.8441000000000  -3.1410000000000
H136    0.7951000000000  -1.7645000000000   1.5930000000000
H137    0.5049000000000  -2.1145000000000   3.9633000000000
H138    1.6722000000000  -4.4915000000000   4.6766000000000
H139    2.8249000000000  -5.4357000000000   2.4225000000000
H140    1.9918000000000  -3.7327000000000   0.4531000000000
S141    1.4903000000000  -0.4703000000000  -1.2779000000000
O142    1.1256000000000  -1.8677000000000  -0.9663000000000
C143    1.0350000000000  -0.2237000000000  -3.0763000000000
O144    2.9564000000000  -0.2009000000000  -1.2627000000000
F145    1.4980000000000   0.9490000000000  -3.5206000000000
F146    1.5718000000000  -1.2038000000000  -3.8254000000000
F147   -0.2901000000000  -0.2506000000000  -3.2280000000000
H148    3.7199000000000  -1.6196000000000  -0.4222000000000
&
