MAEFILE: Type-I-Z-sulfonyl-bind-1-chkp-unrestrained_SPE.mae
&gen
epsout=2.38
radprb=2.76
solvent=other
isolv=2
basis=6-31G**
gdftgrad=-13
gdftmed=-13
gdftfine=-13
dftname=M06-2X
iacc=1
&
entry_name: Type-I-Z-sulfonyl-bind-1-chkp-unrestrained
&zmat
C1     -2.6633000000000   2.5229000000000   0.0467000000000
C2     -5.1073000000000   1.5778000000000   1.1240000000000
C3     -4.0826000000000   0.6108000000000   0.6752000000000
C4     -2.8820000000000   1.0592000000000   0.2553000000000
H5     -6.0430000000000   1.2210000000000   1.5335000000000
C6      0.9285000000000   4.0959000000000  -1.7463000000000
C7      1.0045000000000   3.3504000000000  -0.6343000000000
C8     -0.2242000000000   2.6735000000000  -0.1307000000000
C9     -1.4291000000000   2.9760000000000  -0.6540000000000
H10     1.8009000000000   4.5975000000000  -2.1361000000000
C11    -3.5947000000000   3.4006000000000   0.4921000000000
C12    -4.8724000000000   2.8939000000000   1.0562000000000
C13    -5.8830000000000   3.8687000000000   1.5131000000000
C14    -5.6404000000000   5.1810000000000   1.4318000000000
C15    -4.3629000000000   5.6968000000000   0.8958000000000
C16    -3.4024000000000   4.8738000000000   0.4588000000000
H17    -6.8292000000000   3.5272000000000   1.9159000000000
H18    -6.3904000000000   5.8842000000000   1.7705000000000
H19    -4.2014000000000   6.7668000000000   0.8665000000000
H20    -2.4776000000000   5.3071000000000   0.1014000000000
C21    -0.3600000000000   4.2727000000000  -2.4478000000000
C22    -1.4945000000000   3.7512000000000  -1.9276000000000
C23    -2.7714000000000   3.9055000000000  -2.6757000000000
C24    -2.8016000000000   4.5860000000000  -3.8272000000000
C25    -1.5656000000000   5.1815000000000  -4.3699000000000
C26    -0.4070000000000   5.0317000000000  -3.7189000000000
H27    -3.6852000000000   3.4589000000000  -2.3068000000000
H28    -3.7323000000000   4.6944000000000  -4.3690000000000
H29    -1.5986000000000   5.7340000000000  -5.3000000000000
H30     0.4973000000000   5.4654000000000  -4.1273000000000
Si31   -4.4563000000000  -1.2200000000000   0.7391000000000
Si32    2.6052000000000   3.2741000000000   0.3412000000000
C33    -3.9145000000000  -3.1936000000000  -3.4770000000000
C34    -4.1969000000000  -3.9514000000000  -2.4112000000000
C35    -4.3948000000000  -3.3238000000000  -1.0882000000000
C36    -4.2595000000000  -1.9950000000000  -0.9417000000000
C37    -3.9926000000000  -1.1563000000000  -2.1360000000000
C38    -3.8217000000000  -1.7268000000000  -3.3350000000000
H39    -3.7639000000000  -3.6519000000000  -4.4458000000000
H40    -4.2727000000000  -5.0262000000000  -2.5135000000000
H41    -4.6222000000000  -3.9546000000000  -0.2376000000000
H42    -3.9468000000000  -0.0794000000000  -2.0539000000000
H43    -3.6239000000000  -1.1138000000000  -4.2047000000000
C44    -1.5618000000000  -3.1168000000000   3.8970000000000
C45    -2.3793000000000  -2.1168000000000   4.2454000000000
C46    -3.2781000000000  -1.5115000000000   3.2410000000000
C47    -3.2815000000000  -1.9628000000000   1.9754000000000
C48    -2.3377000000000  -3.0397000000000   1.5851000000000
C49    -1.5353000000000  -3.5957000000000   2.5005000000000
H50    -0.9077000000000  -3.5660000000000   4.6328000000000
H51    -2.3918000000000  -1.7560000000000   5.2656000000000
H52    -3.9459000000000  -0.7154000000000   3.5469000000000
H53    -2.2763000000000  -3.3777000000000   0.5617000000000
H54    -0.8498000000000  -4.3831000000000   2.2151000000000
C55    -8.9124000000000  -2.0095000000000   1.9441000000000
C56    -8.6259000000000  -1.3099000000000   0.8401000000000
C57    -7.2183000000000  -1.0644000000000   0.4640000000000
C58    -6.2204000000000  -1.5291000000000   1.2346000000000
C59    -6.5441000000000  -2.3187000000000   2.4481000000000
C60    -7.8207000000000  -2.5420000000000   2.7843000000000
H61    -9.9429000000000  -2.1907000000000   2.2210000000000
H62    -9.4238000000000  -0.9220000000000   0.2203000000000
H63    -7.0064000000000  -0.4993000000000  -0.4356000000000
H64    -5.7576000000000  -2.7298000000000   3.0652000000000
H65    -8.0564000000000  -3.1193000000000   3.6690000000000
C66     5.5078000000000   0.0374000000000  -1.3963000000000
C67     5.8534000000000   0.7306000000000  -0.3053000000000
C68     4.9346000000000   1.7476000000000   0.2467000000000
C69     3.7385000000000   1.9621000000000  -0.3271000000000
C70     3.3682000000000   1.2008000000000  -1.5409000000000
C71     4.2075000000000   0.2897000000000  -2.0485000000000
H72     6.1771000000000  -0.7108000000000  -1.8005000000000
H73     6.8045000000000   0.5457000000000   0.1771000000000
H74     5.2396000000000   2.3123000000000   1.1192000000000
H75     2.4268000000000   1.3894000000000  -2.0319000000000
H76     3.9370000000000  -0.2626000000000  -2.9388000000000
C77     1.3555000000000   2.3268000000000   4.7598000000000
C78     0.9167000000000   3.4415000000000   4.1636000000000
C79     1.3308000000000   3.7528000000000   2.7798000000000
C80     2.1656000000000   2.9306000000000   2.1202000000000
C81     2.6360000000000   1.6921000000000   2.7833000000000
C82     2.2538000000000   1.4073000000000   4.0339000000000
H83     1.0489000000000   2.0938000000000   5.7712000000000
H84     0.2515000000000   4.1135000000000   4.6900000000000
H85     0.9339000000000   4.6395000000000   2.3009000000000
H86     3.2719000000000   1.0011000000000   2.2548000000000
H87     2.5962000000000   0.4999000000000   4.5135000000000
C88     5.0762000000000   7.2396000000000  -0.0939000000000
C89     4.4900000000000   6.9541000000000   1.0742000000000
C90     3.7067000000000   5.7100000000000   1.2271000000000
C91     3.5601000000000   4.8687000000000   0.1884000000000
C92     4.2358000000000   5.1809000000000  -1.0958000000000
C93     4.9485000000000   6.3058000000000  -1.2297000000000
H94     5.6512000000000   8.1496000000000  -0.2061000000000
H95     4.5892000000000   7.6330000000000   1.9113000000000
H96     3.2669000000000   5.4999000000000   2.1897000000000
H97     4.1699000000000   4.4921000000000  -1.9286000000000
H98     5.4412000000000   6.5286000000000  -2.1673000000000
O99    -1.9278000000000   0.1565000000000  -0.1363000000000
O100   -0.1422000000000   1.8120000000000   0.9309000000000
P101   -0.4588000000000   0.2509000000000   0.5671000000000
O102   -0.3631000000000  -0.4756000000000   1.8714000000000
N103    3.3142000000000  -2.7456000000000  -0.7568000000000
H104    2.6066000000000  -2.2856000000000  -1.3736000000000
C105    3.4537000000000  -2.2229000000000   0.4958000000000
C106    7.1721000000000  -1.9321000000000   2.5849000000000
C107    6.0041000000000  -1.3975000000000   3.1317000000000
C108    4.7958000000000  -1.5336000000000   2.4578000000000
C109    4.7308000000000  -2.2130000000000   1.2269000000000
C110    5.9143000000000  -2.7420000000000   0.6816000000000
C111    7.1216000000000  -2.5986000000000   1.3590000000000
H112    8.1192000000000  -1.8164000000000   3.1031000000000
H113    6.0355000000000  -0.8655000000000   4.0776000000000
H114    3.8919000000000  -1.1185000000000   2.8819000000000
H115    5.9100000000000  -3.2136000000000  -0.2929000000000
H116    8.0299000000000  -2.9964000000000   0.9173000000000
H117    2.8588000000000  -1.3167000000000   0.5868000000000
N118    0.5760000000000  -0.1910000000000  -0.6194000000000
S119    0.2240000000000  -1.0955000000000  -1.8702000000000
O120   -0.8603000000000  -2.0720000000000  -1.6980000000000
O121    1.4982000000000  -1.6021000000000  -2.4512000000000
C122   -0.3766000000000   0.0344000000000  -3.2457000000000
F123    0.5709000000000   0.9064000000000  -3.6032000000000
F124   -0.6944000000000  -0.7147000000000  -4.3072000000000
F125   -1.4600000000000   0.7248000000000  -2.8684000000000
C126    1.9549000000000  -3.2393000000000   1.7460000000000
C127    2.6369000000000  -4.1956000000000   2.5508000000000
C128    2.6203000000000  -3.7411000000000   3.8613000000000
C129    1.8672000000000  -2.5479000000000   3.8686000000000
N130    1.4601000000000  -2.2699000000000   2.6248000000000
H131    1.3958000000000  -3.4643000000000   0.8467000000000
H132    3.1175000000000  -5.0794000000000   2.1598000000000
H133    3.0873000000000  -4.1942000000000   4.7240000000000
H134    1.6121000000000  -1.8994000000000   4.6962000000000
H135    0.7836000000000  -1.5183000000000   2.3464000000000
S136    3.6866000000000  -4.3365000000000  -1.2886000000000
O137    4.6658000000000  -4.2538000000000  -2.3723000000000
O138    3.9600000000000  -5.1520000000000  -0.1048000000000
C139   -0.3401000000000  -5.4011000000000  -3.0075000000000
C140   -0.1447000000000  -5.0343000000000  -1.6730000000000
N141    1.0597000000000  -4.7389000000000  -1.1765000000000
C142    2.0851000000000  -4.7844000000000  -2.0177000000000
C143    2.0225000000000  -5.1284000000000  -3.3619000000000
C144    0.7585000000000  -5.4536000000000  -3.8608000000000
H145   -1.3397000000000  -5.6234000000000  -3.3647000000000
H146   -0.9815000000000  -4.9602000000000  -0.9863000000000
H147    2.9137000000000  -5.1244000000000  -3.9770000000000
H148    0.6380000000000  -5.7275000000000  -4.9041000000000
&
