MAEFILE: Type-II-Z-sulfonyl-bind-4-chkp-2-scan-unrestrained-IRC-min-disp-SPE.mae
&gen
epsout=2.38
radprb=2.76
solvent=other
isolv=2
basis=6-31G**
gdftgrad=-13
gdftmed=-13
gdftfine=-13
dftname=M06-2X
iacc=1
&
entry_name: Type-II-Z-sulfonyl-bind-4-chkp-2-scan-unrestrained-IRC-min-disp.1
&zmat
C1      1.5118000000000   2.8885000000000  -0.7896000000000
C2     -0.3446000000000   4.9690000000000  -0.3147000000000
C3     -0.7921000000000   3.5607000000000  -0.2491000000000
C4      0.1066000000000   2.5613000000000  -0.3850000000000
H5     -1.0553000000000   5.7687000000000  -0.1482000000000
C6      4.5479000000000   0.0135000000000  -1.7553000000000
C7      3.9305000000000  -0.0342000000000  -0.5644000000000
C8      2.7428000000000   0.8295000000000  -0.3234000000000
C9      2.4303000000000   1.7981000000000  -1.2043000000000
H10     5.4485000000000  -0.5547000000000  -1.9385000000000
C11     1.9223000000000   4.1811000000000  -0.7842000000000
C12     0.9386000000000   5.2641000000000  -0.5414000000000
C13     1.3975000000000   6.6670000000000  -0.5867000000000
C14     2.6834000000000   6.9496000000000  -0.8183000000000
C15     3.6812000000000   5.8793000000000  -1.0252000000000
C16     3.3360000000000   4.5866000000000  -1.0077000000000
H17     0.6947000000000   7.4774000000000  -0.4335000000000
H18     3.0061000000000   7.9824000000000  -0.8479000000000
H19     4.7166000000000   6.1521000000000  -1.1847000000000
H20     4.1153000000000   3.8468000000000  -1.1354000000000
C21     4.0599000000000   0.9154000000000  -2.8175000000000
C22     3.0586000000000   1.7855000000000  -2.5583000000000
C23     2.5658000000000   2.6691000000000  -3.6487000000000
C24     3.1345000000000   2.6287000000000  -4.8592000000000
C25     4.2501000000000   1.6997000000000  -5.1242000000000
C26     4.6888000000000   0.8853000000000  -4.1581000000000
H27     1.7368000000000   3.3437000000000  -3.4795000000000
H28     2.7726000000000   3.2725000000000  -5.6504000000000
H29     4.7082000000000   1.6756000000000  -6.1046000000000
H30     5.5041000000000   0.2021000000000  -4.3615000000000
Si31   -2.5982000000000   3.2386000000000   0.1056000000000
Si32    4.7180000000000  -0.9465000000000   0.8618000000000
C33    -4.2053000000000  -0.2301000000000  -2.6125000000000
C34    -4.7203000000000  -0.0553000000000  -1.3905000000000
C35    -4.2016000000000   1.0147000000000  -0.5122000000000
C36    -3.2170000000000   1.8235000000000  -0.9390000000000
C37    -2.6544000000000   1.6258000000000  -2.2983000000000
C38    -3.1215000000000   0.6516000000000  -3.0882000000000
H39    -4.5801000000000  -1.0168000000000  -3.2536000000000
H40    -5.5148000000000  -0.7012000000000  -1.0403000000000
H41    -4.6408000000000   1.1331000000000   0.4664000000000
H42    -1.8619000000000   2.2686000000000  -2.6600000000000
H43    -2.7057000000000   0.5071000000000  -4.0769000000000
C44    -3.1295000000000   2.5466000000000   4.7111000000000
C45    -4.2033000000000   2.7126000000000   3.9308000000000
C46    -4.0403000000000   2.8912000000000   2.4740000000000
C47    -2.8130000000000   2.9167000000000   1.9271000000000
C48    -1.6255000000000   2.7561000000000   2.8019000000000
C49    -1.7779000000000   2.5675000000000   4.1183000000000
H50    -3.2485000000000   2.4072000000000   5.7776000000000
H51    -5.1950000000000   2.7123000000000   4.3639000000000
H52    -4.9234000000000   3.0373000000000   1.8649000000000
H53    -0.6274000000000   2.7923000000000   2.3883000000000
H54    -0.9101000000000   2.4448000000000   4.7534000000000
C55    -4.9606000000000   7.0816000000000  -1.1718000000000
C56    -4.4745000000000   6.2509000000000  -2.1009000000000
C57    -3.7316000000000   5.0396000000000  -1.6956000000000
C58    -3.5544000000000   4.7563000000000  -0.3939000000000
C59    -4.0772000000000   5.6941000000000   0.6310000000000
C60    -4.7465000000000   6.7927000000000   0.2602000000000
H61    -5.5041000000000   7.9698000000000  -1.4670000000000
H62    -4.6236000000000   6.4639000000000  -3.1515000000000
H63    -3.3365000000000   4.3908000000000  -2.4657000000000
H64    -3.9042000000000   5.5141000000000   1.6828000000000
H65    -5.1227000000000   7.4781000000000   1.0087000000000
C66     8.2486000000000  -3.6644000000000  -0.6411000000000
C67     8.4629000000000  -2.7765000000000   0.3356000000000
C68     7.3610000000000  -1.9120000000000   0.8076000000000
C69     6.1321000000000  -2.0201000000000   0.2707000000000
C70     5.9121000000000  -2.9916000000000  -0.8308000000000
C71     6.9127000000000  -3.7709000000000  -1.2584000000000
H72     9.0550000000000  -4.2975000000000  -0.9879000000000
H73     9.4441000000000  -2.6897000000000   0.7843000000000
H74     7.5741000000000  -1.1999000000000   1.5902000000000
H75     4.9539000000000  -3.0490000000000  -1.3265000000000
H76     6.7495000000000  -4.4684000000000  -2.0698000000000
C77     1.6142000000000  -3.6596000000000   3.1078000000000
C78     1.9758000000000  -2.4833000000000   3.6306000000000
C79     2.9225000000000  -1.6111000000000   2.9079000000000
C80     3.4455000000000  -2.0002000000000   1.7310000000000
C81     3.0190000000000  -3.2961000000000   1.1490000000000
C82     2.1520000000000  -4.0798000000000   1.8014000000000
H83     0.9244000000000  -4.3030000000000   3.6379000000000
H84     1.5810000000000  -2.1691000000000   4.5877000000000
H85     3.1808000000000  -0.6597000000000   3.3510000000000
H86     3.4025000000000  -3.6261000000000   0.1985000000000
H87     1.8456000000000  -5.0257000000000   1.3739000000000
C88     6.3549000000000   2.2157000000000   3.9226000000000
C89     5.9062000000000   2.6207000000000   2.7290000000000
C90     5.3955000000000   1.6340000000000   1.7550000000000
C91     5.3728000000000   0.3250000000000   2.0641000000000
C92     5.8797000000000  -0.1164000000000   3.3875000000000
C93     6.3428000000000   0.7800000000000   4.2670000000000
H94     6.7290000000000   2.9380000000000   4.6366000000000
H95     5.9159000000000   3.6724000000000   2.4733000000000
H96     5.0522000000000   1.9924000000000   0.7948000000000
H97     5.8754000000000  -1.1676000000000   3.6476000000000
H98     6.7099000000000   0.4550000000000   5.2318000000000
O99    -0.3208000000000   1.2588000000000  -0.2774000000000
O100    2.0462000000000   0.7254000000000   0.8531000000000
P101    0.5082000000000   0.2045000000000   0.6568000000000
O102   -0.0510000000000   0.1203000000000   2.0545000000000
N103   -3.1686000000000  -2.5668000000000  -0.2527000000000
H104   -2.4966000000000  -2.1580000000000  -0.9224000000000
C105   -2.9605000000000  -2.0123000000000   1.0845000000000
C106   -6.5362000000000  -1.1289000000000   3.3699000000000
C107   -5.3235000000000  -0.5118000000000   3.6746000000000
C108   -4.1875000000000  -0.7821000000000   2.9115000000000
C109   -4.2385000000000  -1.7070000000000   1.8580000000000
C110   -5.4639000000000  -2.3054000000000   1.5437000000000
C111   -6.6035000000000  -2.0121000000000   2.2933000000000
H112   -7.4224000000000  -0.9116000000000   3.9588000000000
H113   -5.2649000000000   0.1835000000000   4.5057000000000
H114   -3.2620000000000  -0.2557000000000   3.1262000000000
H115   -5.5312000000000  -2.9936000000000   0.7119000000000
H116   -7.5469000000000  -2.4821000000000   2.0315000000000
H117   -2.4532000000000  -1.0630000000000   0.8893000000000
N118    0.4155000000000  -1.1999000000000  -0.1451000000000
S119    0.1978000000000  -1.3632000000000  -1.7182000000000
O120    0.8798000000000  -0.3920000000000  -2.5838000000000
O121   -1.2130000000000  -1.6719000000000  -2.0632000000000
C122    1.0799000000000  -2.9789000000000  -2.0196000000000
F123    0.6758000000000  -3.4642000000000  -3.2050000000000
F124    2.3996000000000  -2.7736000000000  -2.0723000000000
F125    0.8099000000000  -3.8784000000000  -1.0754000000000
C126   -1.8898000000000  -2.8288000000000   1.9419000000000
C127   -2.4081000000000  -3.9532000000000   2.7719000000000
C128   -2.1160000000000  -3.7158000000000   4.0745000000000
C129   -1.4024000000000  -2.4643000000000   4.1208000000000
N130   -1.2577000000000  -1.9627000000000   2.9291000000000
H131   -1.1149000000000  -3.1562000000000   1.2336000000000
H132   -2.9526000000000  -4.7874000000000   2.3494000000000
H133   -2.3589000000000  -4.3237000000000   4.9345000000000
H134   -0.9999000000000  -1.9622000000000   4.9940000000000
H135   -0.7177000000000  -1.0677000000000   2.6213000000000
S136   -3.2411000000000  -4.2159000000000  -0.5942000000000
O137   -1.8931000000000  -4.7893000000000  -0.7380000000000
O138   -4.1745000000000  -4.8523000000000   0.3451000000000
C139   -5.1064000000000  -3.8129000000000  -4.6801000000000
C140   -5.8480000000000  -3.8497000000000  -3.4965000000000
N141   -5.2879000000000  -3.9818000000000  -2.2897000000000
C142   -3.9662000000000  -4.0936000000000  -2.2556000000000
C143   -3.1157000000000  -4.0742000000000  -3.3586000000000
C144   -3.7193000000000  -3.9236000000000  -4.6079000000000
H145   -5.6106000000000  -3.6927000000000  -5.6333000000000
H146   -6.9317000000000  -3.7621000000000  -3.5153000000000
H147   -2.0421000000000  -4.1450000000000  -3.2374000000000
H148   -3.1115000000000  -3.8878000000000  -5.5064000000000
&
