MAEFILE: Toru-NTf-Sulfonyl-1-chkp-unrestrained-IRC-max-disp-SPE.mae
&gen
epsout=2.38
radprb=2.76
solvent=other
isolv=2
basis=6-31G**
gdftgrad=-13
gdftmed=-13
gdftfine=-13
dftname=M06-2X
iacc=1
&
entry_name: Toru-NTf-Sulfonyl-1-chkp-unrestrained-IRC-max-disp
&zmat
C1     -5.2660000000000   3.2342000000000  -0.4762000000000
C2     -4.8327000000000   1.8105000000000  -0.4058000000000
C3     -6.5502000000000   3.5614000000000  -0.2919000000000
C4     -5.7490000000000   0.8634000000000  -0.1060000000000
C5     -3.4062000000000   1.4147000000000  -0.6151000000000
C6     -7.1694000000000   1.2362000000000   0.0907000000000
C7     -5.3360000000000  -0.5427000000000   0.0549000000000
C8     -7.5482000000000   2.5149000000000  -0.0032000000000
C9     -3.0201000000000   0.1425000000000  -0.3529000000000
C10    -2.3980000000000   2.4181000000000  -1.0492000000000
C11    -4.0470000000000  -0.8960000000000  -0.0545000000000
O12    -1.7127000000000  -0.2379000000000  -0.5373000000000
Si13   -3.5676000000000  -2.6838000000000   0.2112000000000
C14    -2.4907000000000   3.0952000000000  -2.2165000000000
C15    -1.2621000000000   2.6947000000000  -0.1312000000000
C16    -1.5380000000000   4.1999000000000  -2.4990000000000
C17    -3.5122000000000   2.7910000000000  -3.2494000000000
C18    -0.5879000000000   4.5178000000000  -1.6092000000000
C19    -1.6814000000000   4.9525000000000  -3.7606000000000
C20    -0.4367000000000   3.7364000000000  -0.3617000000000
Si21    0.9477000000000   4.2112000000000   0.8015000000000
O22    -1.0675000000000   1.8660000000000   0.9424000000000
C23    -3.5766000000000   3.5127000000000  -4.3746000000000
C24    -2.6402000000000   4.6277000000000  -4.6348000000000
P25    -0.6116000000000   0.3516000000000   0.5307000000000
O26    -0.4946000000000  -0.4415000000000   1.7838000000000
N27     0.7389000000000   0.5799000000000  -0.3778000000000
C28    -5.0735000000000  -3.7479000000000  -0.0521000000000
C29    -2.3060000000000  -3.1843000000000  -1.0695000000000
C30    -2.9459000000000  -2.9036000000000   1.9570000000000
C31     2.5839000000000   3.6542000000000   0.1098000000000
C32     0.9041000000000   6.0654000000000   0.9597000000000
C33     0.7267000000000   3.4270000000000   2.4782000000000
C34    -5.6141000000000  -3.8561000000000  -1.2779000000000
C35    -5.7156000000000  -4.4475000000000   1.0887000000000
C36    -2.3902000000000  -2.6921000000000  -2.3184000000000
C37    -1.2424000000000  -4.1695000000000  -0.7531000000000
C38    -2.8706000000000  -1.8572000000000   2.7977000000000
C39    -2.5888000000000  -4.2559000000000   2.4539000000000
C40     2.6770000000000   3.1244000000000  -1.1210000000000
C41     3.8020000000000   3.7644000000000   0.9478000000000
C42     2.0158000000000   6.8087000000000   0.8246000000000
C43    -0.3979000000000   6.7401000000000   1.1844000000000
C44    -0.0717000000000   3.9798000000000   3.4068000000000
C45     1.3817000000000   2.1282000000000   2.7669000000000
C46    -6.8162000000000  -4.6881000000000  -1.4924000000000
C47    -7.3808000000000  -5.3287000000000  -0.4627000000000
C48    -6.8065000000000  -5.1983000000000   0.8912000000000
C49    -1.4311000000000  -3.1197000000000  -3.3579000000000
C50    -0.4844000000000  -4.0185000000000  -3.0677000000000
C51    -0.3918000000000  -4.5750000000000  -1.7040000000000
C52    -2.3752000000000  -2.0417000000000   4.1775000000000
C53    -2.0274000000000  -3.2592000000000   4.6081000000000
C54    -2.1459000000000  -4.4214000000000   3.7061000000000
C55     3.9807000000000   2.6508000000000  -1.6312000000000
C56     5.0746000000000   2.7450000000000  -0.8669000000000
C57     4.9814000000000   3.3330000000000   0.4841000000000
C58     1.9443000000000   8.2810000000000   0.9338000000000
C59     0.7689000000000   8.8820000000000   1.1521000000000
C60    -0.4601000000000   8.0739000000000   1.2785000000000
C61    -0.2785000000000   3.3072000000000   4.7070000000000
C62     0.3149000000000   2.1347000000000   4.9590000000000
C63     1.1804000000000   1.5130000000000   3.9384000000000
C64     4.7341000000000  -1.2681000000000   4.5518000000000
C65     4.5458000000000  -2.1886000000000   3.5265000000000
C66     4.2963000000000  -1.7481000000000   2.2081000000000
C67     4.2166000000000  -0.3609000000000   1.9383000000000
C68     4.4324000000000   0.5433000000000   2.9671000000000
C69     4.6883000000000   0.0962000000000   4.2700000000000
C70     4.2579000000000  -2.7589000000000   1.1863000000000
N71     4.0720000000000  -2.5515000000000  -0.0987000000000
S72     4.2567000000000  -3.8825000000000  -1.2433000000000
O73     5.1601000000000  -4.8194000000000  -0.5851000000000
O74     2.9365000000000  -4.2857000000000  -1.7074000000000
C75     5.0651000000000  -2.9635000000000  -2.5798000000000
C76     4.3005000000000  -2.6012000000000  -3.6848000000000
C77     4.9598000000000  -1.8774000000000  -4.6801000000000
C78     6.3083000000000  -1.5716000000000  -4.5112000000000
C79     6.9590000000000  -1.9916000000000  -3.3466000000000
N80     6.3446000000000  -2.6807000000000  -2.3799000000000
N81     1.0097000000000  -2.6499000000000   2.5858000000000
C82     1.2685000000000  -2.9652000000000   3.8890000000000
C83     1.9099000000000  -4.1962000000000   3.9257000000000
C84     2.0464000000000  -4.6295000000000   2.5833000000000
C85     1.4809000000000  -3.6448000000000   1.7745000000000
H86    -4.5501000000000   4.0233000000000  -0.6617000000000
H87    -6.8590000000000   4.5976000000000  -0.3436000000000
H88    -7.9061000000000   0.4744000000000   0.3137000000000
H89    -6.0924000000000  -1.2787000000000   0.2956000000000
H90    -8.5858000000000   2.7864000000000   0.1423000000000
H91    -4.2086000000000   1.9730000000000  -3.1177000000000
H92     0.0951000000000   5.3344000000000  -1.8124000000000
H93    -1.0109000000000   5.7731000000000  -3.9867000000000
H94    -4.3266000000000   3.2742000000000  -5.1179000000000
H95    -2.7332000000000   5.1874000000000  -5.5566000000000
H96    -5.1843000000000  -3.3372000000000  -2.1239000000000
H97    -5.3244000000000  -4.3438000000000   2.0909000000000
H98    -3.1594000000000  -1.9784000000000  -2.5846000000000
H99    -1.1348000000000  -4.5698000000000   0.2411000000000
H100   -3.1544000000000  -0.8625000000000   2.4825000000000
H101   -2.7111000000000  -5.1217000000000   1.8161000000000
H102    1.8072000000000   3.0268000000000  -1.7539000000000
H103    3.7404000000000   4.1864000000000   1.9432000000000
H104    2.9765000000000   6.3536000000000   0.6344000000000
H105   -1.3078000000000   6.1579000000000   1.2607000000000
H106   -0.5837000000000   4.9120000000000   3.2214000000000
H107    1.9911000000000   1.6498000000000   2.0134000000000
H108   -7.2387000000000  -4.7768000000000  -2.4849000000000
H109   -8.2620000000000  -5.9377000000000  -0.6180000000000
H110   -7.2762000000000  -5.7038000000000   1.7250000000000
H111   -1.4990000000000  -2.7053000000000  -4.3554000000000
H112    0.2196000000000  -4.3327000000000  -3.8273000000000
H113    0.3776000000000  -5.2989000000000  -1.4696000000000
H114   -2.2905000000000  -1.1876000000000   4.8369000000000
H115   -1.6613000000000  -3.3954000000000   5.6174000000000
H116   -1.8878000000000  -5.4092000000000   4.0651000000000
H117    4.0462000000000   2.2190000000000  -2.6214000000000
H118    6.0284000000000   2.3917000000000  -1.2366000000000
H119    5.8678000000000   3.4081000000000   1.1005000000000
H120    2.8458000000000   8.8717000000000   0.8353000000000
H121    0.7155000000000   9.9601000000000   1.2309000000000
H122   -1.4118000000000   8.5634000000000   1.4401000000000
H123   -0.9181000000000   3.7627000000000   5.4519000000000
H124    0.1578000000000   1.6374000000000   5.9073000000000
H125    1.6386000000000   0.5521000000000   4.1342000000000
H126    4.9234000000000  -1.6145000000000   5.5624000000000
H127    4.5917000000000  -3.2519000000000   3.7296000000000
H128    3.9992000000000  -0.0010000000000   0.9374000000000
H129    4.3957000000000   1.6074000000000   2.7666000000000
H130    4.8482000000000   0.8198000000000   5.0636000000000
H131    4.5543000000000  -3.7671000000000   1.4596000000000
H132    3.2509000000000  -2.8575000000000  -3.7455000000000
H133    4.4215000000000  -1.5549000000000  -5.5653000000000
H134    6.8530000000000  -1.0100000000000  -5.2627000000000
H135    8.0088000000000  -1.7638000000000  -3.1809000000000
H136    0.4835000000000  -1.8247000000000   2.2645000000000
H137    0.9651000000000  -2.3049000000000   4.6881000000000
H138    2.2275000000000  -4.7188000000000   4.8175000000000
H139    2.4704000000000  -5.5619000000000   2.2356000000000
H140    1.3309000000000  -3.5991000000000   0.7064000000000
S141    1.4289000000000  -0.5354000000000  -1.2168000000000
O142    0.9795000000000  -1.9213000000000  -1.0104000000000
C143    0.9965000000000  -0.1487000000000  -2.9977000000000
O144    2.9229000000000  -0.3662000000000  -1.2180000000000
F145    1.5573000000000   0.9981000000000  -3.3935000000000
F146    1.4465000000000  -1.1347000000000  -3.7975000000000
F147   -0.3262000000000  -0.0544000000000  -3.1425000000000
H148    3.6440000000000  -1.6710000000000  -0.4960000000000
&
