MAEFILE: Type-II-Z-sulfonyl-bind-5-chkp-unrestrained-2-SPE.mae
&gen
epsout=2.38
radprb=2.76
solvent=other
isolv=2
basis=6-31G**
gdftgrad=-13
gdftmed=-13
gdftfine=-13
dftname=M06-2X
iacc=1
&
entry_name: Type-II-Z-sulfonyl-bind-5-chkp-unrestrained-2.1
&zmat
C1      1.1171000000000   3.0552000000000  -0.7237000000000
C2     -0.9050000000000   4.9796000000000  -0.2782000000000
C3     -1.2591000000000   3.5442000000000  -0.3311000000000
C4     -0.2849000000000   2.6168000000000  -0.4529000000000
H5     -1.6793000000000   5.7201000000000  -0.1216000000000
C6      4.5458000000000   0.6471000000000  -1.4675000000000
C7      3.7906000000000   0.3968000000000  -0.3850000000000
C8      2.4626000000000   1.0672000000000  -0.2530000000000
C9      2.1327000000000   2.0476000000000  -1.1171000000000
H10     5.5646000000000   0.2859000000000  -1.5273000000000
C11     1.4390000000000   4.3677000000000  -0.6099000000000
C12     0.3688000000000   5.3692000000000  -0.3850000000000
C13     0.7343000000000   6.7979000000000  -0.3085000000000
C14     2.0132000000000   7.1737000000000  -0.4112000000000
C15     3.0943000000000   6.1826000000000  -0.5927000000000
C16     2.8363000000000   4.8727000000000  -0.6832000000000
H17    -0.0315000000000   7.5516000000000  -0.1683000000000
H18     2.2673000000000   8.2242000000000  -0.3512000000000
H19     4.1190000000000   6.5282000000000  -0.6417000000000
H20     3.6719000000000   4.1923000000000  -0.7804000000000
C21     4.0389000000000   1.4992000000000  -2.5591000000000
C22     2.8876000000000   2.1833000000000  -2.3949000000000
C23     2.3857000000000   3.0393000000000  -3.5020000000000
C24     3.0867000000000   3.1535000000000  -4.6361000000000
C25     4.3604000000000   2.4248000000000  -4.7974000000000
C26     4.8131000000000   1.6389000000000  -3.8138000000000
H27     1.4473000000000   3.5700000000000  -3.4045000000000
H28     2.7192000000000   3.7772000000000  -5.4408000000000
H29     4.9249000000000   2.5256000000000  -5.7154000000000
H30     5.7464000000000   1.1044000000000  -3.9397000000000
Si31   -3.0578000000000   3.0945000000000  -0.1058000000000
Si32    4.6120000000000  -0.3788000000000   1.0996000000000
C33    -5.5238000000000   6.7327000000000  -1.7354000000000
C34    -5.4230000000000   6.5410000000000  -0.4152000000000
C35    -4.6528000000000   5.3948000000000   0.1107000000000
C36    -4.0645000000000   4.5292000000000  -0.7335000000000
C37    -4.1660000000000   4.7583000000000  -2.1952000000000
C38    -4.8605000000000   5.8003000000000  -2.6685000000000
H39    -6.0855000000000   7.5732000000000  -2.1218000000000
H40    -5.9016000000000   7.2274000000000   0.2712000000000
H41    -4.5563000000000   5.2875000000000   1.1818000000000
H42    -3.6759000000000   4.0890000000000  -2.8892000000000
H43    -4.9333000000000   5.9650000000000  -3.7357000000000
C44    -4.2477000000000  -0.5716000000000  -2.7754000000000
C45    -4.8612000000000  -0.3786000000000  -1.6024000000000
C46    -4.4753000000000   0.7590000000000  -0.7414000000000
C47    -3.5148000000000   1.6112000000000  -1.1360000000000
C48    -2.8495000000000   1.3987000000000  -2.4457000000000
C49    -3.1913000000000   0.3596000000000  -3.2164000000000
H50    -4.5239000000000  -1.4088000000000  -3.4027000000000
H51    -5.6357000000000  -1.0608000000000  -1.2768000000000
H52    -4.9888000000000   0.8900000000000   0.1991000000000
H53    -2.0794000000000   2.0803000000000  -2.7840000000000
H54    -2.6977000000000   0.2023000000000  -4.1666000000000
C55    -3.9258000000000   2.5513000000000   4.4679000000000
C56    -2.6623000000000   2.5677000000000   4.0290000000000
C57    -2.3812000000000   2.7205000000000   2.5868000000000
C58    -3.3917000000000   2.8115000000000   1.7050000000000
C59    -4.7906000000000   2.7651000000000   2.1968000000000
C60    -5.0418000000000   2.6630000000000   3.5072000000000
H61    -4.1333000000000   2.4471000000000   5.5249000000000
H62    -1.8424000000000   2.4816000000000   4.7303000000000
H63    -1.3501000000000   2.7714000000000   2.2660000000000
H64    -5.6163000000000   2.8456000000000   1.5012000000000
H65    -6.0632000000000   2.6446000000000   3.8647000000000
C66     7.3016000000000  -4.1181000000000   0.1932000000000
C67     7.2221000000000  -3.6213000000000   1.4323000000000
C68     6.3761000000000  -2.4409000000000   1.7033000000000
C69     5.6987000000000  -1.8445000000000   0.7064000000000
C70     5.7747000000000  -2.4166000000000  -0.6613000000000
C71     6.5373000000000  -3.4904000000000  -0.9024000000000
H72     7.9196000000000  -4.9837000000000  -0.0074000000000
H73     7.7759000000000  -4.0829000000000   2.2395000000000
H74     6.3151000000000  -2.0645000000000   2.7172000000000
H75     5.2079000000000  -1.9905000000000  -1.4736000000000
H76     6.5882000000000  -3.9073000000000  -1.9001000000000
C77     1.6156000000000  -2.2116000000000   4.1873000000000
C78     2.2726000000000  -1.0887000000000   4.4991000000000
C79     3.2076000000000  -0.4834000000000   3.5280000000000
C80     3.3751000000000  -1.0395000000000   2.3162000000000
C81     2.6286000000000  -2.2714000000000   1.9698000000000
C82     1.8077000000000  -2.8351000000000   2.8626000000000
H83     0.9408000000000  -2.6632000000000   4.9026000000000
H84     2.1332000000000  -0.6300000000000   5.4694000000000
H85     3.7618000000000   0.3951000000000   3.8244000000000
H86     2.7669000000000  -2.7373000000000   1.0038000000000
H87     1.2801000000000  -3.7468000000000   2.6147000000000
C88     7.0524000000000   3.2282000000000   2.8300000000000
C89     7.6912000000000   2.1003000000000   2.4977000000000
C90     6.9347000000000   0.9490000000000   1.9616000000000
C91     5.5996000000000   1.0222000000000   1.8252000000000
C92     4.8999000000000   2.2809000000000   2.1840000000000
C93     5.5889000000000   3.3244000000000   2.6607000000000
H94     7.6064000000000   4.0728000000000   3.2190000000000
H95     8.7649000000000   2.0300000000000   2.6151000000000
H96     7.4818000000000   0.0643000000000   1.6700000000000
H97     3.8276000000000   2.3638000000000   2.0597000000000
H98     5.0757000000000   4.2413000000000   2.9203000000000
O99    -0.6123000000000   1.2838000000000  -0.4507000000000
O100    1.6906000000000   0.8515000000000   0.8618000000000
P101    0.1822000000000   0.2790000000000   0.5665000000000
O102   -0.4824000000000   0.1483000000000   1.9031000000000
N103   -3.0204000000000  -2.9256000000000  -0.7180000000000
H104   -2.2785000000000  -2.5682000000000  -1.3557000000000
C105   -3.0551000000000  -2.3044000000000   0.5009000000000
C106   -6.3459000000000  -1.5350000000000   3.1221000000000
C107   -5.1615000000000  -0.8079000000000   3.2049000000000
C108   -4.1090000000000  -1.0768000000000   2.3317000000000
C109   -4.2145000000000  -2.1145000000000   1.3808000000000
C110   -5.4174000000000  -2.8444000000000   1.3103000000000
C111   -6.4720000000000  -2.5439000000000   2.1631000000000
H112   -7.1688000000000  -1.3150000000000   3.7956000000000
H113   -5.0554000000000  -0.0323000000000   3.9537000000000
H114   -3.2125000000000  -0.4661000000000   2.3621000000000
H115   -5.5305000000000  -3.6491000000000   0.5994000000000
H116   -7.3972000000000  -3.1061000000000   2.0822000000000
H117   -2.3970000000000  -1.4411000000000   0.4637000000000
N118    0.1991000000000  -1.1317000000000  -0.2461000000000
S119    0.2685000000000  -1.3734000000000  -1.8078000000000
O120    0.8499000000000  -0.3118000000000  -2.6385000000000
O121   -0.9780000000000  -2.0109000000000  -2.3178000000000
C122    1.4901000000000  -2.7765000000000  -1.8852000000000
F123    2.7206000000000  -2.3321000000000  -1.6238000000000
F124    1.1803000000000  -3.7345000000000  -0.9954000000000
F125    1.4787000000000  -3.3187000000000  -3.1096000000000
C126   -1.5279000000000  -3.2471000000000   1.7155000000000
C127   -2.1822000000000  -4.3573000000000   2.3180000000000
C128   -2.4602000000000  -4.0167000000000   3.6356000000000
C129   -1.9229000000000  -2.7317000000000   3.8481000000000
N130   -1.3235000000000  -2.3113000000000   2.7253000000000
H131   -0.8446000000000  -3.2528000000000   0.8784000000000
H132   -2.4487000000000  -5.2630000000000   1.7940000000000
H133   -2.9983000000000  -4.6007000000000   4.3681000000000
H134   -1.9479000000000  -2.1129000000000   4.7343000000000
H135   -0.8984000000000  -1.3792000000000   2.5467000000000
S136   -3.6657000000000  -4.4125000000000  -1.2720000000000
O137   -4.1428000000000  -5.1754000000000  -0.1190000000000
O138   -4.5470000000000  -4.1244000000000  -2.4014000000000
C139    0.0391000000000  -6.4461000000000  -2.8361000000000
C140   -0.2565000000000  -6.3249000000000  -1.4757000000000
N141   -1.3510000000000  -5.7055000000000  -1.0230000000000
C142   -2.1711000000000  -5.2014000000000  -1.9358000000000
C143   -1.9892000000000  -5.2506000000000  -3.3140000000000
C144   -0.8380000000000  -5.8963000000000  -3.7679000000000
H145    0.9438000000000  -6.9549000000000  -3.1509000000000
H146    0.4116000000000  -6.7320000000000  -0.7215000000000
H147   -2.7131000000000  -4.8042000000000  -3.9841000000000
H148   -0.6332000000000  -5.9649000000000  -4.8314000000000
&
