MAEFILE: Type-II-Z-sulfonyl-bind-2-chkp-scan-unrestrained.1-SPE.mae
&gen
epsout=2.38
radprb=2.76
solvent=other
isolv=2
basis=6-31G**
gdftgrad=-13
gdftmed=-13
gdftfine=-13
dftname=M06-2X
iacc=1
&
entry_name: Type-II-Z-sulfonyl-bind-2-chkp-scan-unrestrained.1
&zmat
C1      1.3076000000000   3.0271000000000  -1.0131000000000
C2     -0.5463000000000   5.1273000000000  -0.5542000000000
C3     -0.9768000000000   3.7255000000000  -0.3828000000000
C4     -0.0981000000000   2.7189000000000  -0.5714000000000
H5     -1.2529000000000   5.9312000000000  -0.3905000000000
C6      4.3513000000000   0.0190000000000  -1.5560000000000
C7      3.7111000000000   0.1349000000000  -0.3840000000000
C8      2.5397000000000   1.0434000000000  -0.2854000000000
C9      2.2713000000000   1.9195000000000  -1.2723000000000
H10     5.1974000000000  -0.6513000000000  -1.6528000000000
C11     1.7037000000000   4.3243000000000  -1.0918000000000
C12     0.7170000000000   5.4137000000000  -0.8804000000000
C13     1.1574000000000   6.8153000000000  -1.0309000000000
C14     2.4345000000000   7.0959000000000  -1.3068000000000
C15     3.4416000000000   6.0255000000000  -1.4549000000000
C16     3.1119000000000   4.7330000000000  -1.3492000000000
H17     0.4487000000000   7.6268000000000  -0.9152000000000
H18     2.7441000000000   8.1279000000000  -1.4109000000000
H19     4.4723000000000   6.2989000000000  -1.6417000000000
H20     3.9015000000000   3.9988000000000  -1.4339000000000
C21     3.9501000000000   0.8444000000000  -2.7147000000000
C22     2.9700000000000   1.7691000000000  -2.5841000000000
C23     2.5590000000000   2.5606000000000  -3.7746000000000
C24     3.1787000000000   2.3872000000000  -4.9477000000000
C25     4.2693000000000   1.4012000000000  -5.0725000000000
C26     4.6345000000000   0.6672000000000  -4.0158000000000
H27     1.7483000000000   3.2741000000000  -3.7094000000000
H28     2.8758000000000   2.9645000000000  -5.8117000000000
H29     4.7684000000000   1.2694000000000  -6.0238000000000
H30     5.4313000000000  -0.0592000000000  -4.1168000000000
Si31   -2.7192000000000   3.3997000000000   0.2146000000000
Si32    4.3662000000000  -0.7884000000000   1.1043000000000
C33    -2.6411000000000   2.4237000000000   4.8051000000000
C34    -1.4907000000000   2.5665000000000   4.1378000000000
C35    -1.5061000000000   2.8858000000000   2.6955000000000
C36    -2.6737000000000   3.0081000000000   2.0391000000000
C37    -3.9448000000000   2.8548000000000   2.7887000000000
C38    -3.9279000000000   2.5840000000000   4.0990000000000
H39    -2.6317000000000   2.1898000000000   5.8617000000000
H40    -0.5456000000000   2.4487000000000   4.6522000000000
H41    -0.5595000000000   3.0090000000000   2.1889000000000
H42    -4.8936000000000   2.9725000000000   2.2803000000000
H43    -4.8572000000000   2.4755000000000   4.6432000000000
C44    -5.2693000000000   7.2453000000000  -0.6233000000000
C45    -4.9795000000000   6.9045000000000   0.6373000000000
C46    -4.1804000000000   5.6922000000000   0.9126000000000
C47    -3.7532000000000   4.9171000000000  -0.0997000000000
C48    -4.0662000000000   5.3103000000000  -1.4954000000000
C49    -4.7863000000000   6.4116000000000  -1.7416000000000
H50    -5.8522000000000   8.1344000000000  -0.8263000000000
H51    -5.3262000000000   7.5179000000000   1.4589000000000
H52    -3.9350000000000   5.4612000000000   1.9393000000000
H53    -3.7082000000000   4.7179000000000  -2.3252000000000
H54    -5.0114000000000   6.6968000000000  -2.7612000000000
C55    -4.4632000000000  -0.2184000000000  -2.2157000000000
C56    -3.7606000000000   0.7344000000000  -2.8381000000000
C57    -3.2243000000000   1.8791000000000  -2.0725000000000
C58    -3.4349000000000   1.9700000000000  -0.7476000000000
C59    -4.1988000000000   0.8977000000000  -0.0624000000000
C60    -4.6965000000000  -0.1291000000000  -0.7615000000000
H61    -4.8527000000000  -1.0601000000000  -2.7732000000000
H62    -3.5787000000000   0.6667000000000  -3.9028000000000
H63    -2.6388000000000   2.6244000000000  -2.5949000000000
H64    -4.3631000000000   0.9284000000000   1.0030000000000
H65    -5.2583000000000  -0.9053000000000  -0.2584000000000
C66     3.8163000000000  -5.3522000000000   0.2018000000000
C67     5.0460000000000  -4.8245000000000   0.2145000000000
C68     5.2329000000000  -3.3859000000000   0.4984000000000
C69     4.1698000000000  -2.6030000000000   0.7494000000000
C70     2.8108000000000  -3.1899000000000   0.7105000000000
C71     2.6438000000000  -4.4948000000000   0.4647000000000
H72     3.6780000000000  -6.4057000000000  -0.0039000000000
H73     5.9071000000000  -5.4499000000000   0.0178000000000
H74     6.2360000000000  -2.9824000000000   0.4875000000000
H75     1.9501000000000  -2.5669000000000   0.9026000000000
H76     1.6503000000000  -4.9238000000000   0.4545000000000
C77     2.1396000000000   0.5223000000000   5.0165000000000
C78     2.8027000000000   1.4219000000000   4.2816000000000
C79     3.5265000000000   0.9954000000000   3.0664000000000
C80     3.4984000000000  -0.2908000000000   2.6755000000000
C81     2.7951000000000  -1.2896000000000   3.5178000000000
C82     2.1483000000000  -0.9008000000000   4.6237000000000
H83     1.6048000000000   0.8332000000000   5.9046000000000
H84     2.8036000000000   2.4650000000000   4.5702000000000
H85     4.0477000000000   1.7414000000000   2.4786000000000
H86     2.8120000000000  -2.3389000000000   3.2626000000000
H87     1.6418000000000  -1.6304000000000   5.2414000000000
C88     8.8508000000000   0.2924000000000   1.9303000000000
C89     8.2428000000000  -0.6608000000000   2.6457000000000
C90     6.8290000000000  -0.9974000000000   2.3798000000000
C91     6.1524000000000  -0.3634000000000   1.4070000000000
C92     6.8253000000000   0.7096000000000   0.6336000000000
C93     8.1054000000000   1.0151000000000   0.8802000000000
H94     9.8862000000000   0.5410000000000   2.1243000000000
H95     8.7847000000000  -1.1876000000000   3.4206000000000
H96     6.3522000000000  -1.7663000000000   2.9756000000000
H97     6.2882000000000   1.2685000000000  -0.1195000000000
H98     8.5943000000000   1.8005000000000   0.3183000000000
O99    -0.5574000000000   1.4286000000000  -0.4607000000000
O100    1.7151000000000   0.9744000000000   0.8035000000000
P101    0.2486000000000   0.3486000000000   0.4475000000000
O102   -0.4164000000000   0.0677000000000   1.7626000000000
N103   -2.9468000000000  -2.8202000000000  -0.3543000000000
H104   -2.3640000000000  -2.4323000000000  -1.1230000000000
C105   -2.6375000000000  -2.3530000000000   0.8948000000000
C106   -5.1863000000000  -2.0285000000000   4.3134000000000
C107   -4.2209000000000  -1.0643000000000   4.0284000000000
C108   -3.3932000000000  -1.2098000000000   2.9162000000000
C109   -3.5285000000000  -2.3278000000000   2.0686000000000
C110   -4.4820000000000  -3.3123000000000   2.3859000000000
C111   -5.3095000000000  -3.1522000000000   3.4920000000000
H112   -5.8346000000000  -1.9120000000000   5.1770000000000
H113   -4.1103000000000  -0.1996000000000   4.6735000000000
H114   -2.6479000000000  -0.4531000000000   2.6863000000000
H115   -4.5692000000000  -4.2101000000000   1.7885000000000
H116   -6.0494000000000  -3.9138000000000   3.7180000000000
H117   -2.0496000000000  -1.4451000000000   0.7957000000000
N118    0.3735000000000  -0.9627000000000  -0.5083000000000
S119    0.0073000000000  -1.0633000000000  -2.0487000000000
O120    0.4397000000000   0.0272000000000  -2.9296000000000
O121   -1.3771000000000  -1.5690000000000  -2.2670000000000
C122    1.0693000000000  -2.5179000000000  -2.5243000000000
F123    0.8854000000000  -2.7774000000000  -3.8280000000000
F124    2.3625000000000  -2.2584000000000  -2.3213000000000
F125    0.7286000000000  -3.6129000000000  -1.8281000000000
C126   -0.8804000000000  -3.3352000000000   1.5123000000000
C127   -1.2613000000000  -4.5874000000000   2.0707000000000
C128   -1.1969000000000  -4.4734000000000   3.4528000000000
C129   -0.7202000000000  -3.1770000000000   3.7343000000000
N130   -0.4696000000000  -2.5386000000000   2.5860000000000
H131   -0.4171000000000  -3.1691000000000   0.5496000000000
H132   -1.5965000000000  -5.4350000000000   1.4910000000000
H133   -1.4701000000000  -5.2147000000000   4.1898000000000
H134   -0.5778000000000  -2.6922000000000   4.6900000000000
H135   -0.2483000000000  -1.5358000000000   2.4587000000000
S136   -3.9429000000000  -4.1306000000000  -0.8206000000000
O137   -3.5760000000000  -5.3092000000000  -0.0271000000000
O138   -5.3433000000000  -3.7052000000000  -0.8600000000000
C139   -2.4256000000000  -4.5838000000000  -5.0326000000000
C140   -1.6324000000000  -4.8046000000000  -3.9027000000000
N141   -2.0964000000000  -4.6738000000000  -2.6567000000000
C142   -3.3617000000000  -4.3015000000000  -2.5292000000000
C143   -4.2519000000000  -4.0469000000000  -3.5670000000000
C144   -3.7543000000000  -4.2022000000000  -4.8622000000000
H145   -2.0006000000000  -4.7028000000000  -6.0236000000000
H146   -0.5871000000000  -5.0818000000000  -3.9979000000000
H147   -5.2689000000000  -3.7376000000000  -3.3601000000000
H148   -4.3936000000000  -4.0182000000000  -5.7198000000000
&
