MAEFILE: Toru-SiPh3-NTf-Type-I-Z-9-chkp2-unrestrained-uff-acc-fine-grid-sol.mae
&gen
epsout=2.38
radprb=2.76
isolv=2
solvent=other
basis=6-31G**
gdftgrad=-13
gdftmed=-13
rsinglet=0
gdftfine=-13
dftname=M06-2X
iacc=1
&
entry_name: Toru-SiPh3-NTf-Type-I-Z-9-chkp2-unrestrained.1
&zmat
C1     -3.2591000000000   4.5564000000000   1.2585000000000
C2     -3.5322000000000   3.1063000000000   1.0549000000000
C3     -4.0322000000000   5.2827000000000   2.0739000000000
C4     -4.5433000000000   2.5282000000000   1.7420000000000
C5     -2.6728000000000   2.2661000000000   0.1669000000000
C6     -5.3983000000000   3.3442000000000   2.6353000000000
C7     -4.8021000000000   1.0818000000000   1.6039000000000
C8     -5.1570000000000   4.6504000000000   2.7883000000000
C9     -2.8263000000000   0.9264000000000   0.1714000000000
C10    -1.5982000000000   2.8793000000000  -0.6543000000000
C11    -4.0097000000000   0.3162000000000   0.8396000000000
O12    -1.9548000000000   0.1327000000000  -0.5295000000000
Si13   -4.4378000000000  -1.4793000000000   0.5471000000000
C14    -1.8607000000000   3.8057000000000  -1.6018000000000
C15    -0.1860000000000   2.5810000000000  -0.2903000000000
C16    -0.7516000000000   4.6307000000000  -2.1408000000000
C17    -3.2297000000000   4.0812000000000  -2.1032000000000
C18     0.4876000000000   4.4958000000000  -1.6491000000000
C19    -1.0627000000000   5.6556000000000  -3.1569000000000
C20     0.7854000000000   3.4535000000000  -0.6384000000000
Si21    2.4248000000000   3.5022000000000   0.2712000000000
O22     0.0891000000000   1.5295000000000   0.5492000000000
C23    -3.4368000000000   5.0308000000000  -3.0232000000000
C24    -2.3230000000000   5.8385000000000  -3.5669000000000
P25    -0.4441000000000   0.0397000000000   0.0872000000000
O26    -0.3836000000000  -0.7606000000000   1.3546000000000
C27    -3.0165000000000  -2.5098000000000   1.1580000000000
C28    -6.0117000000000  -1.9660000000000   1.4140000000000
C29    -4.7924000000000  -1.7731000000000  -1.2539000000000
C30     2.0423000000000   3.1778000000000   2.0640000000000
C31     3.6707000000000   2.2892000000000  -0.3786000000000
C32     3.2241000000000   5.1739000000000   0.0861000000000
C33    -2.3120000000000  -3.2981000000000   0.3287000000000
C34    -2.6511000000000  -2.4533000000000   2.5942000000000
C35    -7.1646000000000  -1.3547000000000   1.0914000000000
C36    -6.0263000000000  -3.0634000000000   2.4128000000000
C37    -4.8759000000000  -0.7535000000000  -2.1252000000000
C38    -5.0871000000000  -3.1510000000000  -1.7154000000000
C39     1.0689000000000   3.8742000000000   2.6761000000000
C40     2.7613000000000   2.1207000000000   2.8142000000000
C41     3.3816000000000   1.4842000000000  -1.4092000000000
C42     5.0417000000000   2.2863000000000   0.1863000000000
C43     3.7718000000000   5.5259000000000  -1.0900000000000
C44     3.3174000000000   6.1057000000000   1.2376000000000
C45    -1.2068000000000  -4.1279000000000   0.8509000000000
C46    -0.9051000000000  -4.1000000000000   2.1541000000000
C47    -1.6567000000000  -3.2150000000000   3.0669000000000
C48    -8.4258000000000  -1.7418000000000   1.7563000000000
C49    -8.4289000000000  -2.7181000000000   2.6709000000000
C50    -7.1719000000000  -3.4149000000000   3.0101000000000
C51    -5.2132000000000  -1.0116000000000  -3.5409000000000
C52    -5.4523000000000  -2.2606000000000  -3.9571000000000
C53    -5.3916000000000  -3.3819000000000  -2.9983000000000
C54     0.7354000000000   3.6040000000000   4.0897000000000
C55     1.4015000000000   2.6615000000000   4.7667000000000
C56     2.4657000000000   1.8864000000000   4.0982000000000
C57     4.4077000000000   0.5672000000000  -1.9496000000000
C58     5.6425000000000   0.5655000000000  -1.4347000000000
C59     5.9772000000000   1.4739000000000  -0.3198000000000
C60     4.4272000000000   6.8409000000000  -1.2447000000000
C61     4.4934000000000   7.6828000000000  -0.2073000000000
C62     3.9155000000000   7.2951000000000   1.0949000000000
C63     7.0024000000000  -2.7799000000000   0.0989000000000
C64     5.6248000000000  -2.8415000000000  -0.1239000000000
C65     4.7513000000000  -2.0444000000000   0.6275000000000
C66     5.2995000000000  -1.1867000000000   1.6019000000000
C67     6.6682000000000  -1.1315000000000   1.8246000000000
C68     7.5301000000000  -1.9335000000000   1.0702000000000
C69     3.2720000000000  -1.9732000000000   0.4572000000000
N70     2.5408000000000  -2.3996000000000  -0.6255000000000
S71     2.6729000000000  -3.6712000000000  -1.7599000000000
O72     1.3449000000000  -3.7448000000000  -2.3507000000000
O73     3.8704000000000  -3.5202000000000  -2.5889000000000
C74     2.9359000000000  -5.2009000000000  -0.8008000000000
C75     3.8482000000000  -6.1327000000000  -1.2940000000000
C76     3.9127000000000  -7.3655000000000  -0.6441000000000
C77     3.0794000000000  -7.5988000000000   0.4488000000000
C78     2.2134000000000  -6.5842000000000   0.8597000000000
N79     2.1347000000000  -5.4011000000000   0.2389000000000
N80     1.5252000000000  -1.9481000000000   2.6080000000000
C81     1.8646000000000  -1.5727000000000   3.8321000000000
C82     3.0226000000000  -2.2829000000000   4.2485000000000
C83     3.3678000000000  -3.1112000000000   3.2013000000000
C84     2.4603000000000  -2.8798000000000   2.1116000000000
H85    -2.4252000000000   5.0387000000000   0.7669000000000
H86    -3.8277000000000   6.3355000000000   2.2202000000000
H87    -6.2207000000000   2.8852000000000   3.1698000000000
H88    -5.6511000000000   0.6586000000000   2.1217000000000
H89    -5.7806000000000   5.2451000000000   3.4431000000000
H90    -4.0757000000000   3.5060000000000  -1.7483000000000
H91     1.2755000000000   5.1409000000000  -2.0091000000000
H92    -0.2734000000000   6.2711000000000  -3.5720000000000
H93    -4.4411000000000   5.2126000000000  -3.3840000000000
H94    -2.5373000000000   6.5954000000000  -4.3104000000000
H95    -2.5381000000000  -3.3447000000000  -0.7258000000000
H96    -3.1923000000000  -1.8001000000000   3.2673000000000
H97    -7.1853000000000  -0.5683000000000   0.3466000000000
H98    -5.1213000000000  -3.6004000000000   2.6574000000000
H99    -4.7108000000000   0.2681000000000  -1.8121000000000
H100   -5.0569000000000  -3.9770000000000  -1.0157000000000
H101    0.5137000000000   4.6368000000000   2.1433000000000
H102    3.5279000000000   1.5323000000000   2.3350000000000
H103    2.4111000000000   1.5206000000000  -1.8730000000000
H104    5.2945000000000   2.9498000000000   1.0039000000000
H105    3.7432000000000   4.8535000000000  -1.9387000000000
H106    2.9114000000000   5.8361000000000   2.2017000000000
H107   -0.6493000000000  -4.7650000000000   0.1770000000000
H108   -0.1011000000000  -4.7130000000000   2.5398000000000
H109   -1.3930000000000  -3.1757000000000   4.1158000000000
H110   -9.3465000000000  -1.2334000000000   1.5011000000000
H111   -9.3519000000000  -3.0039000000000   3.1584000000000
H112   -7.1817000000000  -4.2171000000000   3.7366000000000
H113   -5.2639000000000  -0.1870000000000  -4.2401000000000
H114   -5.6978000000000  -2.4507000000000  -4.9939000000000
H115   -5.6016000000000  -4.3891000000000  -3.3341000000000
H116   -0.0488000000000   4.1704000000000   4.5750000000000
H117    1.1594000000000   2.4619000000000   5.8025000000000
H118    3.0006000000000   1.1225000000000   4.6475000000000
H119    4.1619000000000  -0.0972000000000  -2.7671000000000
H120    6.3958000000000  -0.1040000000000  -1.8292000000000
H121    6.9781000000000   1.4742000000000   0.0919000000000
H122    4.8546000000000   7.1199000000000  -2.1991000000000
H123    4.9741000000000   8.6462000000000  -0.3183000000000
H124    3.9820000000000   7.9739000000000   1.9354000000000
H125    7.6632000000000  -3.3922000000000  -0.5070000000000
H126    5.2562000000000  -3.4682000000000  -0.9216000000000
H127    4.6384000000000  -0.5601000000000   2.1901000000000
H128    7.0650000000000  -0.4526000000000   2.5730000000000
H129    8.6026000000000  -1.8863000000000   1.2323000000000
H130    2.8899000000000  -0.9985000000000   0.7517000000000
H131    4.4661000000000  -5.8929000000000  -2.1507000000000
H132    4.6007000000000  -8.1306000000000  -0.9899000000000
H133    3.0965000000000  -8.5463000000000   0.9768000000000
H134    1.5546000000000  -6.7217000000000   1.7133000000000
H135    0.7191000000000  -1.5219000000000   2.0555000000000
H136    1.2937000000000  -0.8194000000000   4.3590000000000
H137    3.5191000000000  -2.1734000000000   5.2021000000000
H138    4.2020000000000  -3.7986000000000   3.1671000000000
H139    2.0695000000000  -3.6905000000000   1.5038000000000
H140    1.6713000000000  -1.8284000000000  -0.8280000000000
N141    0.4398000000000  -0.6076000000000  -1.1103000000000
S142    0.3714000000000  -0.2012000000000  -2.6796000000000
O143    1.5719000000000  -0.7305000000000  -3.3289000000000
O144   -0.0328000000000   1.1940000000000  -2.9145000000000
C145   -1.0428000000000  -1.2143000000000  -3.4017000000000
F146   -2.1791000000000  -0.5156000000000  -3.3439000000000
F147   -0.7672000000000  -1.4730000000000  -4.6843000000000
F148   -1.2048000000000  -2.3663000000000  -2.7498000000000
&
