MAEFILE: Toru-NTf-Sulfonyl-1-chkp-unrestrained-IRC-min-disp-SPE.mae
&gen
epsout=2.38
radprb=2.76
solvent=other
isolv=2
basis=6-31G**
gdftgrad=-13
gdftmed=-13
gdftfine=-13
dftname=M06-2X
iacc=1
&
entry_name: Toru-NTf-Sulfonyl-1-chkp-unrestrained-IRC-min-disp
&zmat
C1     -6.2140000000000  -1.4182000000000  -0.2049000000000
C2     -4.8915000000000  -2.1057000000000  -0.2030000000000
C3     -7.3277000000000  -2.0891000000000   0.1106000000000
C4     -4.8323000000000  -3.4010000000000   0.1778000000000
C5     -3.6306000000000  -1.3869000000000  -0.5672000000000
C6     -6.0725000000000  -4.1358000000000   0.5205000000000
C7     -3.5290000000000  -4.0755000000000   0.3108000000000
C8     -7.2553000000000  -3.5144000000000   0.4807000000000
C9     -2.4337000000000  -1.9953000000000  -0.3783000000000
C10    -3.6714000000000   0.0217000000000  -1.0420000000000
C11    -2.3867000000000  -3.4174000000000   0.0661000000000
O12    -1.2682000000000  -1.3557000000000  -0.7333000000000
Si13   -0.7655000000000  -4.2584000000000   0.4504000000000
C14    -4.3404000000000   0.4065000000000  -2.1529000000000
C15    -2.9574000000000   1.0403000000000  -0.2263000000000
C16    -4.4821000000000   1.8538000000000  -2.4561000000000
C17    -4.9586000000000  -0.5551000000000  -3.0997000000000
C18    -3.9281000000000   2.7706000000000  -1.6513000000000
C19    -5.2645000000000   2.2550000000000  -3.6419000000000
C20    -3.1103000000000   2.3547000000000  -0.4897000000000
Si21   -2.2809000000000   3.7001000000000   0.5098000000000
O22    -2.1372000000000   0.6115000000000   0.7857000000000
C23    -5.6447000000000  -0.1171000000000  -4.1620000000000
C24    -5.8089000000000   1.3269000000000  -4.4366000000000
P25    -0.7829000000000  -0.1365000000000   0.2591000000000
O26    -0.0076000000000  -0.6102000000000   1.4390000000000
N27    -0.1018000000000   0.9489000000000  -0.7478000000000
C28    -1.0087000000000  -6.1119000000000   0.3889000000000
C29     0.5065000000000  -3.7713000000000  -0.8243000000000
C30    -0.2334000000000  -3.7742000000000   2.1730000000000
C31    -0.9680000000000   4.5363000000000  -0.5180000000000
C32    -3.6242000000000   4.9078000000000   0.9641000000000
C33    -1.4937000000000   3.0280000000000   2.0631000000000
C34    -1.4768000000000  -6.6991000000000  -0.7268000000000
C35    -0.7401000000000  -6.9515000000000   1.5849000000000
C36     0.2607000000000  -3.9637000000000  -2.1320000000000
C37     1.7976000000000  -3.1640000000000  -0.4160000000000
C38    -1.0257000000000  -3.0187000000000   2.9546000000000
C39     1.0545000000000  -4.2738000000000   2.7159000000000
C40    -0.7616000000000   4.1974000000000  -1.8025000000000
C41    -0.1173000000000   5.5822000000000   0.1018000000000
C42    -3.4790000000000   6.2304000000000   0.7722000000000
C43    -4.9098000000000   4.3895000000000   1.4940000000000
C44    -2.2522000000000   2.6100000000000   3.0914000000000
C45    -0.0196000000000   2.8702000000000   2.1412000000000
C46    -1.6798000000000  -8.1618000000000  -0.7759000000000
C47    -1.4148000000000  -8.9120000000000   0.2987000000000
C48    -0.9286000000000  -8.2762000000000   1.5382000000000
C49     1.2892000000000  -3.6423000000000  -3.1425000000000
C50     2.4656000000000  -3.1337000000000  -2.7625000000000
C51     2.7269000000000  -2.8738000000000  -1.3341000000000
C52    -0.6085000000000  -2.6753000000000   4.3299000000000
C53     0.5545000000000  -3.1284000000000   4.8111000000000
C54     1.4263000000000  -3.9671000000000   3.9646000000000
C55     0.2872000000000   4.8756000000000  -2.5926000000000
C56     1.0472000000000   5.8208000000000  -2.0281000000000
C57     0.8356000000000   6.1903000000000  -0.6147000000000
C58    -4.5729000000000   7.1593000000000   1.1261000000000
C59    -5.7216000000000   6.6861000000000   1.6223000000000
C60    -5.9004000000000   5.2328000000000   1.8087000000000
C61    -1.6241000000000   2.0139000000000   4.2891000000000
C62    -0.2950000000000   1.8800000000000   4.3535000000000
C63     0.5451000000000   2.3291000000000   3.2274000000000
C64     4.3890000000000   3.6541000000000   3.9236000000000
C65     4.8456000000000   2.4485000000000   3.3934000000000
C66     4.5355000000000   2.0808000000000   2.0770000000000
C67     3.7729000000000   2.9511000000000   1.2913000000000
C68     3.3226000000000   4.1614000000000   1.8220000000000
C69     3.6217000000000   4.5149000000000   3.1366000000000
C70     5.0680000000000   0.7596000000000   1.5324000000000
N71     5.0812000000000   0.7261000000000   0.0754000000000
S72     6.2773000000000  -0.2548000000000  -0.5986000000000
O73     7.5747000000000   0.3292000000000  -0.2500000000000
O74     6.0535000000000  -1.6789000000000  -0.2598000000000
C75     5.8962000000000  -0.0588000000000  -2.3613000000000
C76     5.7023000000000  -1.2060000000000  -3.1259000000000
C77     5.4390000000000  -1.0168000000000  -4.4831000000000
C78     5.3790000000000   0.2819000000000  -4.9828000000000
C79     5.5911000000000   1.3519000000000  -4.1088000000000
N80     5.8577000000000   1.1890000000000  -2.8095000000000
N81     2.8773000000000  -0.4802000000000   1.9465000000000
C82     2.2600000000000  -0.6628000000000   3.0779000000000
C83     3.2168000000000  -0.8463000000000   4.1419000000000
C84     4.4490000000000  -0.7606000000000   3.5857000000000
C85     4.3231000000000  -0.5158000000000   2.1226000000000
H86    -6.2933000000000  -0.3666000000000  -0.4429000000000
H87    -8.2849000000000  -1.5838000000000   0.1079000000000
H88    -6.0253000000000  -5.1791000000000   0.8073000000000
H89    -3.5120000000000  -5.0952000000000   0.6739000000000
H90    -8.1604000000000  -4.0517000000000   0.7326000000000
H91    -4.8519000000000  -1.6225000000000  -2.9551000000000
H92    -4.0464000000000   3.8261000000000  -1.8681000000000
H93    -5.4011000000000   3.3037000000000  -3.8774000000000
H94    -6.0868000000000  -0.8335000000000  -4.8427000000000
H95    -6.3779000000000   1.6352000000000  -5.3042000000000
H96    -1.7374000000000  -6.1171000000000  -1.5976000000000
H97    -0.4089000000000  -6.5074000000000   2.5114000000000
H98    -0.6890000000000  -4.3491000000000  -2.4714000000000
H99     1.9977000000000  -2.9316000000000   0.6185000000000
H100   -1.9777000000000  -2.6489000000000   2.5993000000000
H101    1.6952000000000  -4.8989000000000   2.1066000000000
H102   -1.3424000000000   3.4223000000000  -2.2808000000000
H103   -0.2596000000000   5.8535000000000   1.1405000000000
H104   -2.5719000000000   6.6431000000000   0.3578000000000
H105   -5.0643000000000   3.3243000000000   1.6081000000000
H106   -3.3289000000000   2.6787000000000   3.0550000000000
H107    0.6081000000000   3.1580000000000   1.3100000000000
H108   -2.0464000000000  -8.6236000000000  -1.6835000000000
H109   -1.5649000000000  -9.9834000000000   0.2651000000000
H110   -0.7353000000000  -8.8836000000000   2.4130000000000
H111    1.0872000000000  -3.8187000000000  -4.1910000000000
H112    3.2184000000000  -2.8956000000000  -3.5018000000000
H113    3.6631000000000  -2.4270000000000  -1.0328000000000
H114   -1.2465000000000  -2.0551000000000   4.9461000000000
H115    0.8621000000000  -2.8759000000000   5.8175000000000
H116    2.3664000000000  -4.3324000000000   4.3569000000000
H117    0.4444000000000   4.5981000000000  -3.6268000000000
H118    1.8197000000000   6.3136000000000  -2.6041000000000
H119    1.4566000000000   6.9502000000000  -0.1583000000000
H120   -4.4421000000000   8.2239000000000   0.9811000000000
H121   -6.5238000000000   7.3654000000000   1.8800000000000
H122   -6.8387000000000   4.8508000000000   2.1897000000000
H123   -2.2437000000000   1.6782000000000   5.1105000000000
H124    0.1664000000000   1.4350000000000   5.2256000000000
H125    1.6173000000000   2.2009000000000   3.2771000000000
H126    4.6440000000000   3.9253000000000   4.9438000000000
H127    5.4658000000000   1.7997000000000   4.0073000000000
H128    3.5308000000000   2.7099000000000   0.2636000000000
H129    2.7304000000000   4.8214000000000   1.1972000000000
H130    3.2668000000000   5.4566000000000   3.5445000000000
H131    6.1085000000000   0.6535000000000   1.8587000000000
H132    5.7459000000000  -2.1863000000000  -2.6680000000000
H133    5.2753000000000  -1.8704000000000  -5.1332000000000
H134    5.1661000000000   0.4706000000000  -6.0297000000000
H135    5.5468000000000   2.3785000000000  -4.4635000000000
H136    2.3992000000000  -0.3234000000000   1.0365000000000
H137    1.1757000000000  -0.6693000000000   3.0860000000000
H138    2.9608000000000  -1.0267000000000   5.1762000000000
H139    5.4028000000000  -0.8695000000000   4.0859000000000
H140    4.7296000000000  -1.3700000000000   1.5568000000000
S141    1.3516000000000   1.0599000000000  -1.2816000000000
O142    2.3325000000000   0.0897000000000  -0.6713000000000
C143    1.2291000000000   0.4749000000000  -3.0502000000000
O144    1.8456000000000   2.4362000000000  -1.3901000000000
F145    0.5903000000000   1.3890000000000  -3.7860000000000
F146    2.4582000000000   0.2935000000000  -3.5600000000000
F147    0.5599000000000  -0.6780000000000  -3.1158000000000
H148    4.1654000000000   0.5739000000000  -0.3687000000000
&
