MAEFILE: Toru-SiPh3-NTf-Type-II-E-Sulfonyl-1-chkp-scan-207-unrestrained-SPE.mae
&gen
epsout=2.38
radprb=2.76
solvent=other
isolv=2
basis=6-31G**
gdftgrad=-13
gdftmed=-13
gdftfine=-13
dftname=M06-2X
iacc=1
&
entry_name: Toru-SiPh3-NTf-Type-II-E-Sulfonyl-1-chkp-scan-207-unrestrained.1
&zmat
C1     -0.3246000000000  -5.7127000000000  -1.2890000000000
C2      0.7358000000000  -4.7143000000000  -0.9678000000000
C3     -0.0284000000000  -7.0145000000000  -1.3741000000000
C4      1.9852000000000  -5.1571000000000  -0.7075000000000
C5      0.4380000000000  -3.2476000000000  -0.8890000000000
C6      2.3045000000000  -6.6002000000000  -0.8117000000000
C7      3.0290000000000  -4.2132000000000  -0.2776000000000
C8      1.3502000000000  -7.4784000000000  -1.1347000000000
C9      1.3736000000000  -2.4038000000000  -0.3730000000000
C10    -0.8960000000000  -2.7513000000000  -1.3162000000000
C11     2.7402000000000  -2.9208000000000  -0.0789000000000
O12     1.1834000000000  -1.0408000000000  -0.2937000000000
Si13    4.0586000000000  -1.7573000000000   0.5413000000000
C14    -1.3959000000000  -2.9485000000000  -2.5568000000000
C15    -1.7491000000000  -2.1246000000000  -0.2803000000000
C16    -2.8357000000000  -2.6827000000000  -2.8151000000000
C17    -0.5750000000000  -3.4459000000000  -3.6874000000000
C18    -3.6345000000000  -2.2632000000000  -1.8227000000000
C19    -3.3685000000000  -2.9379000000000  -4.1675000000000
C20    -3.0729000000000  -1.9761000000000  -0.4838000000000
Si21   -4.2055000000000  -1.3321000000000   0.8517000000000
O22    -1.1475000000000  -1.6071000000000   0.8373000000000
C23    -1.1279000000000  -3.6492000000000  -4.8890000000000
C24    -2.5638000000000  -3.3914000000000  -5.1353000000000
P25    -0.1058000000000  -0.3996000000000   0.4827000000000
O26     0.2756000000000   0.2857000000000   1.7579000000000
N27    -0.8834000000000   0.5076000000000  -0.6294000000000
C28     5.7104000000000  -2.6009000000000   0.6705000000000
C29     4.1316000000000  -0.3543000000000  -0.6787000000000
C30     3.6357000000000  -1.1886000000000   2.2617000000000
C31    -4.4468000000000   0.5060000000000   0.6626000000000
C32    -5.8393000000000  -2.2123000000000   0.6936000000000
C33    -3.4509000000000  -1.7438000000000   2.5073000000000
C34     6.7490000000000  -2.2325000000000  -0.0984000000000
C35     5.8936000000000  -3.6727000000000   1.6789000000000
C36     4.0158000000000   0.9239000000000  -0.2867000000000
C37     4.2691000000000  -0.6632000000000  -2.1222000000000
C38     4.4932000000000  -0.4097000000000   2.9413000000000
C39     2.3882000000000  -1.6458000000000   2.9236000000000
C40    -4.0596000000000   1.1444000000000  -0.4546000000000
C41    -5.1083000000000   1.2745000000000   1.7459000000000
C42    -7.0042000000000  -1.5464000000000   0.7751000000000
C43    -5.8560000000000  -3.6734000000000   0.4341000000000
C44    -3.3343000000000  -3.0247000000000   2.8978000000000
C45    -2.8700000000000  -0.6742000000000   3.3561000000000
C46     8.0554000000000  -2.9090000000000   0.0446000000000
C47     8.2119000000000  -3.8829000000000   0.9490000000000
C48     7.0786000000000  -4.2815000000000   1.8080000000000
C49     4.0423000000000   2.0148000000000  -1.2840000000000
C50     4.1594000000000   1.7302000000000  -2.5861000000000
C51     4.2797000000000   0.3253000000000  -3.0254000000000
C52     4.1749000000000   0.0238000000000   4.3182000000000
C53     3.0306000000000  -0.3605000000000   4.8952000000000
C54     2.0967000000000  -1.2411000000000   4.1659000000000
C55    -4.2810000000000   2.5991000000000  -0.5952000000000
C56    -4.8666000000000   3.2877000000000   0.3907000000000
C57    -5.2994000000000   2.5930000000000   1.6191000000000
C58    -8.2865000000000  -2.2685000000000   0.6374000000000
C59    -8.2938000000000  -3.5882000000000   0.4182000000000
C60    -7.0189000000000  -4.3238000000000   0.3062000000000
C61    -2.6648000000000  -3.3601000000000   4.1716000000000
C62    -2.1508000000000  -2.3896000000000   4.9348000000000
C63    -2.2540000000000  -0.9820000000000   4.5043000000000
C64     1.9619000000000   4.5673000000000   4.5753000000000
C65     1.0559000000000   4.9358000000000   3.5809000000000
C66     1.1413000000000   4.3732000000000   2.2966000000000
C67     2.1371000000000   3.4214000000000   2.0244000000000
C68     3.0494000000000   3.0769000000000   3.0146000000000
C69     2.9636000000000   3.6412000000000   4.2909000000000
C70     0.1974000000000   4.8470000000000   1.2663000000000
N71     0.5365000000000   4.7779000000000  -0.0639000000000
S72    -0.2560000000000   5.8831000000000  -1.1213000000000
O73    -1.6820000000000   5.5493000000000  -1.2209000000000
O74     0.1260000000000   7.2213000000000  -0.6700000000000
C75     0.5665000000000   5.4280000000000  -2.6690000000000
C76    -0.2032000000000   4.9145000000000  -3.7072000000000
C77     0.4815000000000   4.5805000000000  -4.8769000000000
C78     1.8608000000000   4.7675000000000  -4.9295000000000
C79     2.5174000000000   5.2864000000000  -3.8098000000000
N80     1.8787000000000   5.6224000000000  -2.6852000000000
N81    -1.1142000000000   2.5632000000000   2.3093000000000
C82    -1.5212000000000   2.7820000000000   3.5577000000000
C83    -2.2719000000000   3.9801000000000   3.6151000000000
C84    -2.2889000000000   4.4911000000000   2.3311000000000
C85    -1.4727000000000   3.6511000000000   1.5021000000000
H86    -1.3506000000000  -5.4058000000000  -1.4386000000000
H87    -0.8035000000000  -7.7335000000000  -1.6063000000000
H88     3.3120000000000  -6.9498000000000  -0.6231000000000
H89     4.0235000000000  -4.5946000000000  -0.0949000000000
H90     1.5838000000000  -8.5327000000000  -1.2084000000000
H91     0.4844000000000  -3.6312000000000  -3.5629000000000
H92    -4.6886000000000  -2.0932000000000  -2.0073000000000
H93    -4.4153000000000  -2.7613000000000  -4.3846000000000
H94    -0.5122000000000  -4.0061000000000  -5.7047000000000
H95    -2.9680000000000  -3.5738000000000  -6.1227000000000
H96     6.6545000000000  -1.4397000000000  -0.8270000000000
H97     5.0680000000000  -3.9677000000000   2.3148000000000
H98     3.8941000000000   1.1749000000000   0.7540000000000
H99     4.3532000000000  -1.6912000000000  -2.4523000000000
H100    5.4230000000000  -0.0850000000000   2.4905000000000
H101    1.7020000000000  -2.3062000000000   2.4124000000000
H102   -3.5958000000000   0.6100000000000  -1.2721000000000
H103   -5.4375000000000   0.7714000000000   2.6465000000000
H104   -7.0316000000000  -0.4802000000000   0.9442000000000
H105   -4.9287000000000  -4.2201000000000   0.3230000000000
H106   -3.7054000000000  -3.8315000000000   2.2834000000000
H107   -2.9094000000000   0.3570000000000   3.0407000000000
H108    8.8857000000000  -2.6128000000000  -0.5834000000000
H109    9.1685000000000  -4.3780000000000   1.0551000000000
H110    7.2099000000000  -5.0649000000000   2.5431000000000
H111    3.9500000000000   3.0434000000000  -0.9596000000000
H112    4.1652000000000   2.5270000000000  -3.3186000000000
H113    4.3733000000000   0.0975000000000  -4.0792000000000
H114    4.8639000000000   0.6648000000000   4.8528000000000
H115    2.7914000000000  -0.0346000000000   5.8992000000000
H116    1.1804000000000  -1.5663000000000   4.6420000000000
H117   -3.9674000000000   3.1069000000000  -1.4978000000000
H118   -5.0233000000000   4.3538000000000   0.2907000000000
H119   -5.7751000000000   3.1522000000000   2.4142000000000
H120   -9.2199000000000  -1.7260000000000   0.7145000000000
H121   -9.2323000000000  -4.1177000000000   0.3163000000000
H122   -7.0275000000000  -5.3883000000000   0.1105000000000
H123   -2.5839000000000  -4.3942000000000   4.4805000000000
H124   -1.6533000000000  -2.6340000000000   5.8643000000000
H125   -1.8207000000000  -0.2022000000000   5.1163000000000
H126    1.8920000000000   5.0147000000000   5.5621000000000
H127    0.2937000000000   5.6794000000000   3.7905000000000
H128    2.1975000000000   2.9606000000000   1.0452000000000
H129    3.8414000000000   2.3735000000000   2.7908000000000
H130    3.6807000000000   3.3599000000000   5.0563000000000
H131   -0.2531000000000   5.8038000000000   1.5119000000000
H132   -1.2652000000000   4.7527000000000  -3.5798000000000
H133   -0.0555000000000   4.1656000000000  -5.7236000000000
H134    2.4274000000000   4.5083000000000  -5.8177000000000
H135    3.5942000000000   5.4354000000000  -3.8135000000000
H136   -0.5551000000000   1.7250000000000   2.0225000000000
H137   -1.2644000000000   2.0962000000000   4.3530000000000
H138   -2.7305000000000   4.3938000000000   4.5015000000000
H139   -2.7793000000000   5.3895000000000   1.9809000000000
H140   -1.6443000000000   3.4778000000000   0.4461000000000
S141   -0.2920000000000   1.5691000000000  -1.6128000000000
O142    0.9889000000000   2.1998000000000  -1.1716000000000
C143    0.1655000000000   0.6501000000000  -3.1822000000000
O144   -1.3332000000000   2.5014000000000  -2.0683000000000
F145    1.0975000000000  -0.2830000000000  -2.9719000000000
F146   -0.9259000000000   0.0580000000000  -3.6831000000000
F147    0.6340000000000   1.5214000000000  -4.0891000000000
H148    0.7995000000000   3.8730000000000  -0.4939000000000
&
