MAEFILE: Type-I-Z-sulfonyl-bind-3-chkp-unrestrained-IRC-min-disp-2-SPE.mae
&gen
epsout=2.38
radprb=2.76
solvent=other
isolv=2
basis=6-31G**
gdftgrad=-13
gdftmed=-13
gdftfine=-13
dftname=M06-2X
iacc=1
&
entry_name: Type-I-Z-sulfonyl-bind-3-chkp-unrestrained-IRC-min-disp-2
&zmat
C1     -1.9989000000000   2.9008000000000   0.0015000000000
C2     -4.6080000000000   2.5215000000000   1.0273000000000
C3     -3.7907000000000   1.3473000000000   0.6516000000000
C4     -2.5134000000000   1.5201000000000   0.2502000000000
H5     -5.6219000000000   2.3852000000000   1.3776000000000
C6      1.7665000000000   3.7543000000000  -1.8911000000000
C7      1.7321000000000   3.0327000000000  -0.7606000000000
C8      0.4166000000000   2.5716000000000  -0.2314000000000
C9     -0.7234000000000   3.0767000000000  -0.7417000000000
H10     2.7028000000000   4.1100000000000  -2.2941000000000
C11    -2.7289000000000   3.9656000000000   0.4131000000000
C12    -4.0974000000000   3.7555000000000   0.9480000000000
C13    -4.8966000000000   4.9344000000000   1.3380000000000
C14    -4.3838000000000   6.1644000000000   1.2273000000000
C15    -3.0122000000000   6.3846000000000   0.7219000000000
C16    -2.2331000000000   5.3651000000000   0.3420000000000
H17    -5.9047000000000   4.8110000000000   1.7155000000000
H18    -4.9806000000000   7.0195000000000   1.5178000000000
H19    -2.6305000000000   7.3961000000000   0.6667000000000
H20    -1.2285000000000   5.5831000000000   0.0033000000000
C21     0.5176000000000   4.1203000000000  -2.5882000000000
C22    -0.6788000000000   3.8164000000000  -2.0376000000000
C23    -1.9239000000000   4.1644000000000  -2.7746000000000
C24    -1.8581000000000   4.8052000000000  -3.9473000000000
C25    -0.5483000000000   5.1647000000000  -4.5238000000000
C26     0.5789000000000   4.8388000000000  -3.8820000000000
H27    -2.8937000000000   3.8908000000000  -2.3805000000000
H28    -2.7660000000000   5.0542000000000  -4.4812000000000
H29    -0.5029000000000   5.6870000000000  -5.4707000000000
H30     1.5367000000000   5.1001000000000  -4.3146000000000
Si31   -4.5495000000000  -0.3574000000000   0.7407000000000
Si32    3.2965000000000   2.7986000000000   0.2408000000000
C33    -4.3882000000000  -2.3826000000000  -3.4942000000000
C34    -4.8384000000000  -3.0694000000000  -2.4384000000000
C35    -4.9102000000000  -2.4240000000000  -1.1116000000000
C36    -4.4994000000000  -1.1540000000000  -0.9497000000000
C37    -4.0470000000000  -0.3845000000000  -2.1357000000000
C38    -3.9858000000000  -0.9710000000000  -3.3377000000000
H39    -4.3300000000000  -2.8553000000000  -4.4660000000000
H40    -5.1449000000000  -4.1011000000000  -2.5517000000000
H41    -5.2838000000000  -2.9964000000000  -0.2716000000000
H42    -3.7773000000000   0.6582000000000  -2.0467000000000
H43    -3.6519000000000  -0.4084000000000  -4.1999000000000
C44    -2.1968000000000  -2.8940000000000   3.9078000000000
C45    -2.6504000000000  -1.6770000000000   4.2247000000000
C46    -3.3456000000000  -0.8596000000000   3.2096000000000
C47    -3.5474000000000  -1.3403000000000   1.9706000000000
C48    -2.9565000000000  -2.6517000000000   1.6038000000000
C49    -2.3310000000000  -3.3930000000000   2.5258000000000
H50    -1.7044000000000  -3.5026000000000   4.6550000000000
H51    -2.5273000000000  -1.2963000000000   5.2302000000000
H52    -3.6906000000000   0.1251000000000   3.4893000000000
H53    -3.0028000000000  -3.0143000000000   0.5905000000000
H54    -1.9001000000000  -4.3484000000000   2.2549000000000
C55    -9.0265000000000  -0.1233000000000   2.1625000000000
C56    -8.7408000000000  -0.5132000000000   0.9160000000000
C57    -7.3356000000000  -0.5834000000000   0.4644000000000
C58    -6.3321000000000  -0.2668000000000   1.3036000000000
C59    -6.6623000000000   0.1796000000000   2.6813000000000
C60    -7.9366000000000   0.2448000000000   3.0860000000000
H61   -10.0554000000000  -0.0703000000000   2.4941000000000
H62    -9.5385000000000  -0.7776000000000   0.2339000000000
H63    -7.1438000000000  -0.8837000000000  -0.5555000000000
H64    -5.8847000000000   0.4787000000000   3.3656000000000
H65    -8.1718000000000   0.5772000000000   4.0889000000000
C66     5.6356000000000  -1.0507000000000  -1.0403000000000
C67     4.4659000000000  -0.7613000000000  -1.6212000000000
C68     3.7125000000000   0.4420000000000  -1.2113000000000
C69     4.1872000000000   1.2394000000000  -0.2417000000000
C70     5.4943000000000   0.9246000000000   0.3842000000000
C71     6.1786000000000  -0.1621000000000   0.0063000000000
H72     6.1870000000000  -1.9333000000000  -1.3375000000000
H73     4.0731000000000  -1.4039000000000  -2.3977000000000
H74     2.7913000000000   0.6778000000000  -1.7220000000000
H75     5.9035000000000   1.5758000000000   1.1464000000000
H76     7.1300000000000  -0.3930000000000   0.4675000000000
C77     1.9334000000000   2.8072000000000   4.7244000000000
C78     2.7572000000000   1.8478000000000   4.2869000000000
C79     3.2136000000000   1.8478000000000   2.8818000000000
C80     2.8064000000000   2.8079000000000   2.0373000000000
C81     1.8993000000000   3.8738000000000   2.5308000000000
C82     1.4842000000000   3.8705000000000   3.8033000000000
H83     1.5955000000000   2.8068000000000   5.7526000000000
H84     3.0878000000000   1.0664000000000   4.9589000000000
H85     3.8756000000000   1.0644000000000   2.5546000000000
H86     1.5611000000000   4.6539000000000   1.8600000000000
H87     0.8178000000000   4.6454000000000   4.1593000000000
C88     6.3541000000000   6.2658000000000  -0.5508000000000
C89     6.1455000000000   5.3271000000000  -1.4807000000000
C90     5.1795000000000   4.2379000000000  -1.2294000000000
C91     4.4936000000000   4.1908000000000  -0.0739000000000
C92     4.7428000000000   5.2266000000000   0.9596000000000
C93     5.6217000000000   6.2103000000000   0.7299000000000
H94     7.0621000000000   7.0639000000000  -0.7327000000000
H95     6.6847000000000   5.3621000000000  -2.4185000000000
H96     5.0402000000000   3.4788000000000  -1.9893000000000
H97     4.2242000000000   5.1983000000000   1.9068000000000
H98     5.8012000000000   6.9653000000000   1.4844000000000
O99    -1.7676000000000   0.4234000000000  -0.1044000000000
O100    0.3656000000000   1.7246000000000   0.8470000000000
P101   -0.2703000000000   0.2539000000000   0.5191000000000
O102   -0.2696000000000  -0.4613000000000   1.8451000000000
N103    2.6481000000000  -3.6757000000000  -0.7472000000000
H104    2.3372000000000  -3.0387000000000  -1.4933000000000
C105    2.5425000000000  -3.0795000000000   0.5849000000000
C106    6.2534000000000  -2.5822000000000   2.7579000000000
C107    5.1983000000000  -1.6855000000000   2.9270000000000
C108    4.0187000000000  -1.8569000000000   2.2025000000000
C109    3.8717000000000  -2.9297000000000   1.3151000000000
C110    4.9335000000000  -3.8245000000000   1.1489000000000
C111    6.1178000000000  -3.6464000000000   1.8648000000000
H112    7.1793000000000  -2.4459000000000   3.3088000000000
H113    5.2988000000000  -0.8430000000000   3.6049000000000
H114    3.2043000000000  -1.1480000000000   2.3131000000000
H115    4.8395000000000  -4.6525000000000   0.4563000000000
H116    6.9396000000000  -4.3414000000000   1.7190000000000
H117    2.1649000000000  -2.0741000000000   0.3702000000000
N118    0.6138000000000  -0.4147000000000  -0.6613000000000
S119    0.1285000000000  -1.2218000000000  -1.9393000000000
O120   -1.1276000000000  -1.9694000000000  -1.7895000000000
O121    1.2900000000000  -1.9401000000000  -2.5112000000000
C122   -0.2148000000000   0.0572000000000  -3.2640000000000
F123   -1.2083000000000   0.8790000000000  -2.8966000000000
F124    0.8741000000000   0.7971000000000  -3.5000000000000
F125   -0.5707000000000  -0.5635000000000  -4.3926000000000
C126    1.4376000000000  -3.7087000000000   1.5366000000000
C127    1.8693000000000  -4.7678000000000   2.4946000000000
C128    1.6294000000000  -4.3575000000000   3.7641000000000
C129    1.0449000000000  -3.0457000000000   3.6700000000000
N130    0.9165000000000  -2.6741000000000   2.4294000000000
H131    0.6202000000000  -4.0842000000000   0.8932000000000
H132    2.2993000000000  -5.6987000000000   2.1560000000000
H133    1.8271000000000  -4.8853000000000   4.6862000000000
H134    0.7138000000000  -2.4029000000000   4.4787000000000
H135    0.4441000000000  -1.7511000000000   2.1156000000000
S136    2.4717000000000  -5.2581000000000  -1.2027000000000
O137    3.2826000000000  -5.4818000000000  -2.3989000000000
O138    2.6627000000000  -6.0881000000000  -0.0048000000000
C139   -1.8493000000000  -5.5386000000000  -2.5173000000000
C140   -1.4638000000000  -5.2292000000000  -1.2122000000000
N141   -0.1847000000000  -5.1614000000000  -0.8288000000000
C142    0.7409000000000  -5.4007000000000  -1.7540000000000
C143    0.4783000000000  -5.7171000000000  -3.0829000000000
C144   -0.8616000000000  -5.7855000000000  -3.4667000000000
H145   -2.9014000000000  -5.5719000000000  -2.7777000000000
H146   -2.2085000000000  -5.0282000000000  -0.4486000000000
H147    1.2951000000000  -5.8870000000000  -3.7727000000000
H148   -1.1249000000000  -6.0205000000000  -4.4933000000000
&
